Time	#4 Tank Shape = vertical	VALVE 339
	OUT1	POSITION
	TEMPERATURE	
	`C	
18.18	35.4896	50
18.19	35.4896	50
18.2	35.4896	50
18.21	35.4896	50
18.22	35.4896	50
18.23	35.4896	50
18.24	35.4896	50
18.25	35.4896	50
18.26	35.4896	50
18.27	35.4896	50
18.28	35.4896	50
18.29	35.4896	50
18.3	35.4896	50
18.31	35.4896	50
18.32	35.4896	50
18.33	35.4896	50
18.34	35.4896	50
18.35	35.4896	50
18.36	35.4896	50
18.37	35.4896	50
18.38	35.4896	50
18.39	35.4896	50
18.4	35.4896	50
18.41	35.4896	50
18.42	35.4896	50
18.43	35.4896	50
18.44	35.4896	50
18.45	35.4896	50
18.46	35.4896	50
18.47	35.4896	50
18.48	35.4896	50
18.49	35.4896	50
18.5	35.4896	50
18.51	35.4896	50
18.52	35.4896	50
18.53	35.4896	50
18.54	35.4896	50
18.55	35.4896	50
18.56	35.4896	50
18.57	35.4896	50
18.58	35.4896	50
18.59	35.4896	50
18.6	35.4896	50
18.61	35.4896	50
18.62	35.4896	50
18.63	35.4896	50
18.64	35.4896	50
18.65	35.4896	50
18.66	35.4896	50
18.67	35.4896	50
18.68	35.4896	50
18.69	35.4896	50
18.7	35.4896	50
18.71	35.4896	50
18.72	35.4896	50
18.73	35.4896	50
18.74	35.4896	50
18.75	35.4896	50
18.76	35.4896	50
18.77	35.4896	50
18.78	35.4896	50
18.79	35.4896	50
18.8	35.4896	50
18.81	35.4896	50
18.82	35.4896	50
18.83	35.4896	50
18.84	35.4896	50
18.85	35.4896	50
18.86	35.4896	50
18.87	35.4896	50
18.88	35.4896	50
18.89	35.4896	50
18.9	35.4896	50
18.91	35.4896	50
18.92	35.4896	50
18.93	35.4896	50
18.94	35.4896	50
18.95	35.4896	50
18.96	35.4896	50
18.97	35.4896	50
18.98	35.4896	50
18.99	35.4896	50
19	35.4896	50
19.01	35.4896	50
19.02	35.4896	50
19.03	35.4896	50
19.04	35.4896	50
19.05	35.4896	50
19.06	35.4896	50
19.07	35.4896	50
19.08	35.4896	50
19.09	35.4896	50
19.1	35.4896	50
19.11	35.4896	50
19.12	35.4896	50
19.13	35.4896	50
19.14	35.4896	50
19.15	35.4896	50
19.16	35.4896	50
19.17	35.4896	50
19.18	35.4896	50
19.19	35.4896	50
19.2	35.4896	50
19.21	35.4896	50
19.22	35.4896	50
19.23	35.4896	50
19.24	35.4896	50
19.25	35.4896	50
19.26	35.4896	50
19.27	35.4896	50
19.28	35.4896	50
19.29	35.4896	50
19.3	35.4896	50
19.31	35.4896	50
19.32	35.4896	50
19.33	35.4896	50
19.34	35.4896	50
19.35	35.4896	50
19.36	35.4896	50
19.37	35.4896	50
19.38	35.4896	50
19.39	35.4896	50
19.4	35.4896	50
19.41	35.4896	50
19.42	35.4896	50
19.43	35.4896	50
19.44	35.4896	50
19.45	35.4896	50
19.46	35.4896	50
19.47	35.4896	50
19.48	35.4896	50
19.49	35.4896	50
19.5	35.4896	50
19.51	35.4896	50
19.52	35.4896	50
19.53	35.4896	50
19.54	35.4896	50
19.55	35.4896	50
19.56	35.4896	50
19.57	35.4896	50
19.58	35.4896	50
19.59	35.4896	50
19.6	35.4896	50
19.61	35.4896	50
19.62	35.4896	50
19.63	35.4896	50
19.64	35.4896	50
19.65	35.4896	50
19.66	35.4896	50
19.67	35.4896	50
19.68	35.4896	50
19.69	35.4896	50
19.7	35.4896	50
19.71	35.4896	50
19.72	35.4896	50
19.73	35.4896	50
19.74	35.4896	50
19.75	35.4896	50
19.76	35.4896	50
19.77	35.4896	50
19.78	35.4896	50
19.79	35.4896	50
19.8	35.4896	50
19.81	35.4896	50
19.82	35.4896	50
19.83	35.4896	50
19.84	35.4896	50
19.85	35.4896	50
19.86	35.4896	50
19.87	35.4896	50
19.88	35.4896	50
19.89	35.4896	50
19.9	35.4896	50
19.91	35.4896	50
19.92	35.4896	50
19.93	35.4896	50
19.94	35.4896	50
19.95	35.4896	50
19.96	35.4896	50
19.97	35.4896	50
19.98	35.4896	50
19.99	35.4896	50
20	35.4896	50
20.01	35.4896	50
20.02	35.4896	50
20.03	35.4896	50
20.04	35.4896	50
20.05	35.4896	50
20.06	35.4896	50
20.07	35.4896	50
20.08	35.4896	50
20.09	35.4896	50
20.1	35.4896	50
20.11	35.4896	50
20.12	35.4896	50
20.13	35.4896	50
20.14	35.4896	50
20.15	35.4896	50
20.16	35.4896	50
20.17	35.4896	50
20.18	35.4896	50
20.19	35.4896	50
20.2	35.4896	50
20.21	35.4896	50
20.22	35.4896	50
20.23	35.4896	50
20.24	35.4896	50
20.25	35.4896	50
20.26	35.4896	50
20.27	35.4896	50
20.28	35.4896	50
20.29	35.4896	50
20.3	35.4896	50
20.31	35.4896	50
20.32	35.4896	50
20.33	35.4896	50
20.34	35.4896	50
20.35	35.4896	50
20.36	35.4896	50
20.37	35.4896	50
20.38	35.4896	50
20.39	35.4896	50
20.4	35.4896	50
20.41	35.4896	50
20.42	35.4896	50
20.43	35.4896	50
20.44	35.4896	50
20.45	35.4896	50
20.46	35.4896	50
20.47	35.4896	50
20.48	35.4896	50
20.49	35.4896	50
20.5	35.4896	50
20.51	35.4896	50
20.52	35.4896	50
20.53	35.4896	50
20.54	35.4896	50
20.55	35.4896	50
20.56	35.4896	50
20.57	35.4896	50
20.58	35.4896	50
20.59	35.4896	50
20.6	35.4896	50
20.61	35.4896	50
20.62	35.4896	50
20.63	35.4896	50
20.64	35.4896	50
20.65	35.4896	50
20.66	35.4896	50
20.67	35.4896	50
20.68	35.4896	50
20.69	35.4896	50
20.7	35.4896	50
20.71	35.4896	50
20.72	35.4896	50
20.73	35.4896	50
20.74	35.4896	50
20.75	35.4896	50
20.76	35.4896	50
20.77	35.4896	50
20.78	35.4896	50
20.79	35.4896	50
20.8	35.4896	50
20.81	35.4896	50
20.82	35.4896	50
20.83	35.4896	50
20.84	35.4896	50
20.85	35.4896	50
20.86	35.4896	50
20.87	35.4896	50
20.88	35.4896	50
20.89	35.4896	50
20.9	35.4896	50
20.91	35.4896	50
20.92	35.4896	50
20.93	35.4896	50
20.94	35.4896	50
20.95	35.4896	50
20.96	35.4896	50
20.97	35.4896	50
20.98	35.4896	50
20.99	35.4896	50
21	35.4896	50
21.01	35.4896	50
21.02	35.4896	50
21.03	35.4896	50
21.04	35.4896	50
21.05	35.4896	50
21.06	35.4896	50
21.07	35.4896	50
21.08	35.4896	50
21.09	35.4896	50
21.1	35.4896	50
21.11	35.4896	50
21.12	35.4896	50
21.13	35.4896	50
21.14	35.4896	50
21.15	35.4896	50
21.16	35.4896	50
21.17	35.4896	50
21.18	35.4896	50
21.19	35.4896	50
21.2	35.4896	50
21.21	35.4896	50
21.22	35.4896	50
21.23	35.4896	50
21.24	35.4896	50
21.25	35.4896	50
21.26	35.4896	50
21.27	35.4896	50
21.28	35.4896	50
21.29	35.4896	50
21.3	35.4896	50
21.31	35.4896	50
21.32	35.4896	50
21.33	35.4896	50
21.34	35.4896	50
21.35	35.4896	50
21.36	35.4896	50
21.37	35.4896	50
21.38	35.4896	50
21.39	35.4896	50
21.4	35.4896	50
21.41	35.4896	50
21.42	35.4896	50
21.43	35.4896	50
21.44	35.4896	50
21.45	35.4896	50
21.46	35.4896	50
21.47	35.4896	50
21.48	35.4896	50
21.49	35.4896	50
21.5	35.4896	50
21.51	35.4896	50
21.52	35.4896	50
21.53	35.4896	50
21.54	35.4896	50
21.55	35.4896	50
21.56	35.4896	50
21.57	35.4896	50
21.58	35.4896	50
21.59	35.4896	50
21.6	35.4896	50
21.61	35.4896	50
21.62	35.4896	50
21.63	35.4896	50
21.64	35.4896	50
21.65	35.4896	50
21.66	35.4896	50
21.67	35.4896	50
21.68	35.4896	50
21.69	35.4896	50
21.7	35.4896	50
21.71	35.4896	50
21.72	35.4896	50
21.73	35.4896	50
21.74	35.4896	50
21.75	35.4896	50
21.76	35.4896	50
21.77	35.4896	50
21.78	35.4896	50
21.79	35.4896	50
21.8	35.4896	50
21.81	35.4896	50
21.82	35.4896	50
21.83	35.4896	50
21.84	35.4896	50
21.85	35.4896	50
21.86	35.4896	50
21.87	35.4896	50
21.88	35.4896	50
21.89	35.4896	50
21.9	35.4896	50
21.91	35.4896	50
21.92	35.4896	50
21.93	35.4896	50
21.94	35.4896	50
21.95	35.4896	50
21.96	35.4896	50
21.97	35.4896	50
21.98	35.4896	50
21.99	35.4896	50
22	35.4896	50
22.01	35.4896	50
22.02	35.4896	50
22.03	35.4896	50
22.04	35.4896	50
22.05	35.4896	50
22.06	35.4896	50
22.07	35.4896	50
22.08	35.4896	50
22.09	35.4896	50
22.1	35.4896	50
22.11	35.4896	50
22.12	35.4896	50
22.13	35.4896	50
22.14	35.4896	50
22.15	35.4896	50
22.16	35.4896	50
22.17	35.4896	50
22.18	35.4896	50
22.19	35.4896	50
22.2	35.4896	50
22.21	35.4896	50
22.22	35.4896	50
22.23	35.4896	50
22.24	35.4896	50
22.25	35.4896	50
22.26	35.4896	50
22.27	35.4896	50
22.28	35.4896	50
22.29	35.4896	50
22.3	35.4896	50
22.31	35.4896	50
22.32	35.4896	50
22.33	35.4896	50
22.34	35.4896	50
22.35	35.4896	50
22.36	35.4896	50
22.37	35.4896	50
22.38	35.4896	50
22.39	35.4896	50
22.4	35.4896	50
22.41	35.4896	50
22.42	35.4896	50
22.43	35.4896	50
22.44	35.4896	50
22.45	35.4896	50
22.46	35.4896	50
22.47	35.4896	50
22.48	35.4896	50
22.49	35.4896	50
22.5	35.4896	50
22.51	35.4896	50
22.52	35.4896	50
22.53	35.4896	50
22.54	35.4896	50
22.55	35.4896	50
22.56	35.4896	50
22.57	35.4896	50
22.58	35.4896	50
22.59	35.4896	50
22.6	35.4896	50
22.61	35.4896	50
22.62	35.4896	50
22.63	35.4896	50
22.64	35.4896	50
22.65	35.4896	50
22.66	35.4896	50
22.67	35.4896	50
22.68	35.4896	50
22.69	35.4896	50
22.7	35.4896	50
22.71	35.4896	50
22.72	35.4896	50
22.73	35.4896	50
22.74	35.4896	50
22.75	35.4896	50
22.76	35.4896	50
22.77	35.4896	50
22.78	35.4896	50
22.79	35.4896	50
22.8	35.4896	50
22.81	35.4896	50
22.82	35.4896	50
22.83	35.4896	50
22.84	35.4896	50
22.85	35.4896	50
22.86	35.4896	50
22.87	35.4896	50
22.88	35.4896	50
22.89	35.4896	50
22.9	35.4896	50
22.91	35.4896	50
22.92	35.4896	50
22.93	35.4896	50
22.94	35.4896	50
22.95	35.4896	50
22.96	35.4896	50
22.97	35.4896	50
22.98	35.4896	50
22.99	35.4896	50
23	35.4896	50
23.01	35.4896	50
23.02	35.4896	50
23.03	35.4896	50
23.04	35.4896	50
23.05	35.4896	50
23.06	35.4896	50
23.07	35.4896	50
23.08	35.4896	50
23.09	35.4896	50
23.1	35.4896	50
23.11	35.4896	50
23.12	35.4896	50
23.13	35.4896	50
23.14	35.4896	50
23.15	35.4896	50
23.16	35.4896	50
23.17	35.4896	50
23.18	35.4896	50
23.19	35.4896	50
23.2	35.4896	50
23.21	35.4896	50
23.22	35.4896	50
23.23	35.4896	50
23.24	35.4896	50
23.25	35.4896	50
23.26	35.4896	50
23.27	35.4896	50
23.28	35.4896	50
23.29	35.4896	50
23.3	35.4896	50
23.31	35.4896	50
23.32	35.4896	50
23.33	35.4896	50
23.34	35.4896	50
23.35	35.4896	50
23.36	35.4896	50
23.37	35.4896	50
23.38	35.4896	50
23.39	35.4896	50
23.4	35.4896	50
23.41	35.4896	50
23.42	35.4896	50
23.43	35.4896	50
23.44	35.4896	50
23.45	35.4896	50
23.46	35.4896	50
23.47	35.4896	50
23.48	35.4896	50
23.49	35.4896	50
23.5	35.4896	50
23.51	35.4896	50
23.52	35.4896	50
23.53	35.4896	50
23.54	35.4896	50
23.55	35.4896	50
23.56	35.4896	50
23.57	35.4896	50
23.58	35.4896	50
23.59	35.4896	50
23.6	35.4896	50
23.61	35.4896	50
23.62	35.4896	50
23.63	35.4896	50
23.64	35.4896	50
23.65	35.4896	50
23.66	35.4896	50
23.67	35.4896	50
23.68	35.4896	50
23.69	35.4896	50
23.7	35.4896	50
23.71	35.4896	50
23.72	35.4896	50
23.73	35.4896	50
23.74	35.4896	50
23.75	35.4896	50
23.76	35.4896	50
23.77	35.4896	50
23.78	35.4896	50
23.79	35.4896	50
23.8	35.4896	50
23.81	35.4896	50
23.82	35.4896	50
23.83	35.4896	50
23.84	35.4896	50
23.85	35.4896	50
23.86	35.4896	50
23.87	35.4896	50
23.88	35.4896	50
23.89	35.4896	50
23.9	35.4896	50
23.91	35.4896	50
23.92	35.4896	50
23.93	35.4896	50
23.94	35.4896	50
23.95	35.4896	50
23.96	35.4896	50
23.97	35.4896	50
23.98	35.4896	50
23.99	35.4896	50
24	35.4896	50
24.01	35.4896	50
24.02	35.4896	50
24.03	35.4896	50
24.04	35.4896	50
24.05	35.4896	50
24.06	35.4896	50
24.07	35.4896	50
24.08	35.4896	50
24.09	35.4896	50
24.1	35.4896	50
24.11	35.4896	50
24.12	35.4896	50
24.13	35.4896	50
24.14	35.4896	50
24.15	35.4896	50
24.16	35.4896	50
24.17	35.4896	50
24.18	35.4896	50
24.19	35.4896	50
24.2	35.4896	50
24.21	35.4896	50
24.22	35.4896	50
24.23	35.4896	50
24.24	35.4896	50
24.25	35.4896	50
24.26	35.4896	50
24.27	35.4896	50
24.28	35.4896	50
24.29	35.4896	50
24.3	35.4896	50
24.31	35.4896	50
24.32	35.4896	50
24.33	35.4896	50
24.34	35.4896	50
24.35	35.4896	50
24.36	35.4896	50
24.37	35.4896	50
24.38	35.4896	50
24.39	35.4896	50
24.4	35.4896	50
24.41	35.4896	50
24.42	35.4896	50
24.43	35.4896	50
24.44	35.4896	50
24.45	35.4896	50
24.46	35.4896	50
24.47	35.4896	50
24.48	35.4896	50
24.49	35.4896	50
24.5	35.4896	50
24.51	35.4896	50
24.52	35.4896	50
24.53	35.4896	50
24.54	35.4896	50
24.55	35.4896	50
24.56	35.4896	50
24.57	35.4896	50
24.58	35.4896	50
24.59	35.4896	50
24.6	35.4896	50
24.61	35.4896	50
24.62	35.4896	50
24.63	35.4896	50
24.64	35.4896	50
24.65	35.4896	50
24.66	35.4896	50
24.67	35.4896	50
24.68	35.4896	50
24.69	35.4896	50
24.7	35.4896	50
24.71	35.4896	50
24.72	35.4896	50
24.73	35.4896	50
24.74	35.4896	50
24.75	35.4896	50
24.76	35.4896	50
24.77	35.4896	50
24.78	35.4896	50
24.79	35.4896	50
24.8	35.4896	50
24.81	35.4896	50
24.82	35.4896	50
24.83	35.4896	50
24.84	35.4896	50
24.85	35.4896	50
24.86	35.4896	50
24.87	35.4896	50
24.88	35.4896	50
24.89	35.4896	50
24.9	35.4896	50
24.91	35.4896	50
24.92	35.4896	50
24.93	35.4896	50
24.94	35.4896	50
24.95	35.4896	50
24.96	35.4896	50
24.97	35.4896	50
24.98	35.4896	50
24.99	35.4896	50
25	35.4896	50
25.01	35.4896	50
25.02	35.4896	50
25.03	35.4896	50
25.04	35.4896	50
25.05	35.4896	50
25.06	35.4896	50
25.07	35.4896	50
25.08	35.4896	50
25.09	35.4896	50
25.1	35.4896	50
25.11	35.4896	50
25.12	35.4896	50
25.13	35.4896	50
25.14	35.4896	50
25.15	35.4896	50
25.16	35.4896	50
25.17	35.4896	50
25.18	35.4896	50
25.19	35.4896	50
25.2	35.4896	50
25.21	35.4896	50
25.22	35.4896	50
25.23	35.4896	50
25.24	35.4896	50
25.25	35.4896	50
25.26	35.4896	50
25.27	35.4896	50
25.28	35.4896	50
25.29	35.4896	50
25.3	35.4896	50
25.31	35.4896	50
25.32	35.4896	50
25.33	35.4896	50
25.34	35.4896	50
25.35	35.4896	50
25.36	35.4896	50
25.37	35.4896	50
25.38	35.4896	50
25.39	35.4896	50
25.4	35.4896	50
25.41	35.4896	50
25.42	35.4896	50
25.43	35.4896	50
25.44	35.4896	50
25.45	35.4896	50
25.46	35.4896	50
25.47	35.4896	50
25.48	35.4896	50
25.49	35.4896	50
25.5	35.4896	50
25.51	35.4896	50
25.52	35.4896	50
25.53	35.4896	50
25.54	35.4896	50
25.55	35.4896	50
25.56	35.4896	50
25.57	35.4896	50
25.58	35.4896	50
25.59	35.4896	50
25.6	35.4896	50
25.61	35.4896	50
25.62	35.4896	50
25.63	35.4896	50
25.64	35.4896	50
25.65	35.4896	50
25.66	35.4896	50
25.67	35.4896	50
25.68	35.4896	50
25.69	35.4896	50
25.7	35.4896	50
25.71	35.4896	50
25.72	35.4896	50
25.73	35.4896	50
25.74	35.4896	50
25.75	35.4896	50
25.76	35.4896	50
25.77	35.4896	50
25.78	35.4896	50
25.79	35.4896	50
25.8	35.4896	50
25.81	35.4896	50
25.82	35.4896	50
25.83	35.4896	50
25.84	35.4896	50
25.85	35.4896	50
25.86	35.4896	50
25.87	35.4896	50
25.88	35.4896	50
25.89	35.4896	50
25.9	35.4896	50
25.91	35.4896	50
25.92	35.4896	50
25.93	35.4896	50
25.94	35.4896	50
25.95	35.4896	50
25.96	35.4896	50
25.97	35.4896	50
25.98	35.4896	50
25.99	35.4896	50
26	35.4896	50
26.01	35.4896	50
26.02	35.4896	50
26.03	35.4896	50
26.04	35.4896	50
26.05	35.4896	50
26.06	35.4896	50
26.07	35.4896	50
26.08	35.4896	50
26.09	35.4896	50
26.1	35.4896	50
26.11	35.4896	50
26.12	35.4896	50
26.13	35.4896	50
26.14	35.4896	50
26.15	35.4896	50
26.16	35.4896	50
26.17	35.4896	50
26.18	35.4896	50
26.19	35.4896	50
26.2	35.4896	50
26.21	35.4896	50
26.22	35.4896	50
26.23	35.4896	50
26.24	35.4896	50
26.25	35.4896	50
26.26	35.4896	50
26.27	35.4896	50
26.28	35.4896	50
26.29	35.4896	50
26.3	35.4896	50
26.31	35.4896	50
26.32	35.4896	50
26.33	35.4896	50
26.34	35.4896	50
26.35	35.4896	50
26.36	35.4896	50
26.37	35.4896	50
26.38	35.4896	50
26.39	35.4896	50
26.4	35.4896	50
26.41	35.4896	50
26.42	35.4896	50
26.43	35.4896	50
26.44	35.4896	50
26.45	35.4896	50
26.46	35.4896	50
26.47	35.4896	50
26.48	35.4896	50
26.49	35.4896	50
26.5	35.4896	50
26.51	35.4896	50
26.52	35.4896	50
26.53	35.4896	50
26.54	35.4896	50
26.55	35.4896	50
26.56	35.4896	50
26.57	35.4896	50
26.58	35.4896	50
26.59	35.4896	50
26.6	35.4896	50
26.61	35.4896	50
26.62	35.4896	50
26.63	35.4896	50
26.64	35.4896	50
26.65	35.4896	50
26.66	35.4896	50
26.67	35.4896	50
26.68	35.4896	50
26.69	35.4896	50
26.7	35.4896	50
26.71	35.4896	50
26.72	35.4896	50
26.73	35.4896	50
26.74	35.4896	50
26.75	35.4896	50
26.76	35.4896	50
26.77	35.4896	50
26.78	35.4896	50
26.79	35.4896	50
26.8	35.4896	50
26.81	35.4896	50
26.82	35.4896	50
26.83	35.4896	50
26.84	35.4896	50
26.85	35.4896	50
26.86	35.4896	50
26.87	35.4896	50
26.88	35.4896	50
26.89	35.4896	50
26.9	35.4896	50
26.91	35.4896	50
26.92	35.4896	50
26.93	35.4896	50
26.94	35.4896	50
26.95	35.4896	50
26.96	35.4896	50
26.97	35.4896	50
26.98	35.4896	50
26.99	35.4896	50
27	35.4896	50
27.01	35.4896	50
27.02	35.4896	50
27.03	35.4896	50
27.04	35.4896	50
27.05	35.4896	50
27.06	35.4896	50
27.07	35.4896	50
27.08	35.4896	50
27.09	35.4896	50
27.1	35.4896	50
27.11	35.4896	50
27.12	35.4896	50
27.13	35.4896	50
27.14	35.4896	50
27.15	35.4896	50
27.16	35.4896	50
27.17	35.4896	50
27.18	35.4896	50
27.19	35.4896	50
27.2	35.4896	50
27.21	35.4896	50
27.22	35.4896	50
27.23	35.4896	50
27.24	35.4896	50
27.25	35.4896	50
27.26	35.4896	50
27.27	35.4896	50
27.28	35.4896	50
27.29	35.4896	50
27.3	35.4896	50
27.31	35.4896	50
27.32	35.4896	50
27.33	35.4896	50
27.34	35.4896	50
27.35	35.4896	50
27.36	35.4896	50
27.37	35.4896	50
27.38	35.4896	50
27.39	35.4896	50
27.4	35.4896	50
27.41	35.4896	50
27.42	35.4896	50
27.43	35.4896	50
27.44	35.4896	50
27.45	35.4896	50
27.46	35.4896	50
27.47	35.4896	50
27.48	35.4896	50
27.49	35.4896	50
27.5	35.4896	50
27.51	35.4896	50
27.52	35.4896	50
27.53	35.4896	50
27.54	35.4896	50
27.55	35.4896	50
27.56	35.4896	50
27.57	35.4896	50
27.58	35.4896	50
27.59	35.4896	50
27.6	35.4896	50
27.61	35.4896	50
27.62	35.4896	50
27.63	35.4896	50
27.64	35.4896	50
27.65	35.4896	50
27.66	35.4896	50
27.67	35.4896	50
27.68	35.4896	50
27.69	35.4896	50
27.7	35.4896	50
27.71	35.4896	50
27.72	35.4896	50
27.73	35.4896	50
27.74	35.4896	50
27.75	35.4896	50
27.76	35.4896	50
27.77	35.4896	50
27.78	35.4896	50
27.79	35.4896	50
27.8	35.4896	50
27.81	35.4896	50
27.82	35.4896	50
27.83	35.4896	50
27.84	35.4896	50
27.85	35.4896	50
27.86	35.4896	50
27.87	35.4896	50
27.88	35.4896	50
27.89	35.4896	50
27.9	35.4896	50
27.91	35.4896	50
27.92	35.4896	50
27.93	35.4896	50
27.94	35.4896	50
27.95	35.4896	50
27.96	35.4896	50
27.97	35.4896	50
27.98	35.4896	50
27.99	35.4896	50
28	35.4896	50
28.01	35.4896	50
28.02	35.4896	50
28.03	35.4896	50
28.04	35.4896	50
28.05	35.4896	50
28.06	35.4896	50
28.07	35.4896	50
28.08	35.4896	50
28.09	35.4896	50
28.1	35.4896	50
28.11	35.4896	50
28.12	35.4896	50
28.13	35.4896	50
28.14	35.4896	50
28.15	35.4896	50
28.16	35.4896	50
28.17	35.4896	50
28.18	35.4896	50
28.19	35.4896	50
28.2	35.4896	50
28.21	35.4896	50
28.22	35.4896	50
28.23	35.4896	50
28.24	35.4896	50
28.25	35.4896	50
28.26	35.4896	50
28.27	35.4896	50
28.28	35.4896	50
28.29	35.4896	50
28.3	35.4896	50
28.31	35.4896	50
28.32	35.4896	50
28.33	35.4896	50
28.34	35.4896	50
28.35	35.4896	50
28.36	35.4896	50
28.37	35.4896	50
28.38	35.4896	50
28.39	35.4896	50
28.4	35.4896	50
28.41	35.4896	50
28.42	35.4896	50
28.43	35.4896	50
28.44	35.4896	50
28.45	35.4896	50
28.46	35.4896	50
28.47	35.4896	50
28.48	35.4896	50
28.49	35.4896	50
28.5	35.4896	50
28.51	35.4896	50
28.52	35.4896	50
28.53	35.4896	50
28.54	35.4896	50
28.55	35.4896	50
28.56	35.4896	50
28.57	35.4896	50
28.58	35.4896	50
28.59	35.4896	50
28.6	35.4896	50
28.61	35.4896	50
28.62	35.4896	50
28.63	35.4896	50
28.64	35.4896	50
28.65	35.4896	50
28.66	35.4896	50
28.67	35.4896	50
28.68	35.4896	50
28.69	35.4896	50
28.7	35.4896	50
28.71	35.4896	50
28.72	35.4896	50
28.73	35.4896	50
28.74	35.4896	50
28.75	35.4896	50
28.76	35.4896	50
28.77	35.4896	50
28.78	35.4896	50
28.79	35.4896	50
28.8	35.4896	50
28.81	35.4896	50
28.82	35.4896	50
28.83	35.4896	50
28.84	35.4896	50
28.85	35.4896	50
28.86	35.4896	50
28.87	35.4896	50
28.88	35.4896	50
28.89	35.4896	50
28.9	35.4896	50
28.91	35.4896	50
28.92	35.4896	50
28.93	35.4896	50
28.94	35.4896	50
28.95	35.4896	50
28.96	35.4896	50
28.97	35.4896	50
28.98	35.4896	50
28.99	35.4896	50
29	35.4896	50
29.01	35.4896	50
29.02	35.4896	50
29.03	35.4896	50
29.04	35.4896	50
29.05	35.4896	50
29.06	35.4896	50
29.07	35.4896	50
29.08	35.4896	50
29.09	35.4896	50
29.1	35.4896	50
29.11	35.4896	50
29.12	35.4896	50
29.13	35.4896	50
29.14	35.4896	50
29.15	35.4896	50
29.16	35.4896	50
29.17	35.4896	50
29.18	35.4896	50
29.19	35.4896	50
29.2	35.4896	50
29.21	35.4896	50
29.22	35.4896	50
29.23	35.4896	50
29.24	35.4896	50
29.25	35.4896	50
29.26	35.4896	50
29.27	35.4896	50
29.28	35.4896	50
29.29	35.4896	50
29.3	35.4896	50
29.31	35.4896	50
29.32	35.4896	50
29.33	35.4896	50
29.34	35.4896	50
29.35	35.4896	50
29.36	35.4896	50
29.37	35.4896	50
29.38	35.4896	50
29.39	35.4896	50
29.4	35.4896	50
29.41	35.4896	50
29.42	35.4896	50
29.43	35.4896	50
29.44	35.4896	50
29.45	35.4896	50
29.46	35.4896	50
29.47	35.4896	50
29.48	35.4896	50
29.49	35.4896	50
29.5	35.4896	50
29.51	35.4896	50
29.52	35.4896	50
29.53	35.4896	50
29.54	35.4896	50
29.55	35.4896	50
29.56	35.4896	50
29.57	35.4896	50
29.58	35.4896	50
29.59	35.4896	50
29.6	35.4896	50
29.61	35.4896	50
29.62	35.4896	50
29.63	35.4896	50
29.64	35.4896	50
29.65	35.4896	50
29.66	35.4896	50
29.67	35.4896	50
29.68	35.4896	50
29.69	35.4896	50
29.7	35.4896	50
29.71	35.4896	50
29.72	35.4896	50
29.73	35.4896	50
29.74	35.4896	50
29.75	35.4896	50
29.76	35.4896	50
29.77	35.4896	50
29.78	35.4896	50
29.79	35.4896	50
29.8	35.4896	50
29.81	35.4896	50
29.82	35.4896	50
29.83	35.4896	50
29.84	35.4896	50
29.85	35.4896	50
29.86	35.4896	50
29.87	35.4896	50
29.88	35.4896	50
29.89	35.4896	50
29.9	35.4896	50
29.91	35.4896	50
29.92	35.4896	50
29.93	35.4896	50
29.94	35.4896	50
29.95	35.4896	50
29.96	35.4896	50
29.97	35.4896	50
29.98	35.4896	50
29.99	35.4896	50
30	35.4896	50
30.01	35.4896	50
30.02	35.4896	50
30.03	35.4896	50
30.04	35.4896	50
30.05	35.4896	50
30.06	35.4896	50
30.07	35.4896	50
30.08	35.4896	50
30.09	35.4896	50
30.1	35.4896	50
30.11	35.4896	50
30.12	35.4896	50
30.13	35.4896	50
30.14	35.4896	50
30.15	35.4896	50
30.16	35.4896	50
30.17	35.4896	50
30.18	35.4896	50
30.19	35.4896	50
30.2	35.4896	50
30.21	35.4896	50
30.22	35.4896	50
30.23	35.4896	50
30.24	35.4896	50
30.25	35.4896	50
30.26	35.4896	50
30.27	35.4896	50
30.28	35.4896	50
30.29	35.4896	50
30.3	35.4896	50
30.31	35.4896	50
30.32	35.4896	50
30.33	35.4896	50
30.34	35.4896	50
30.35	35.4896	50
30.36	35.4896	50
30.37	35.4896	50
30.38	35.4896	50
30.39	35.4896	50
30.4	35.4896	50
30.41	35.4896	50
30.42	35.4896	50
30.43	35.4896	50
30.44	35.4896	50
30.45	35.4896	50
30.46	35.4896	50
30.47	35.4896	50
30.48	35.4896	50
30.49	35.4896	50
30.5	35.4896	50
30.51	35.4896	50
30.52	35.4896	50
30.53	35.4896	50
30.54	35.4896	50
30.55	35.4896	50
30.56	35.4896	50
30.57	35.4896	50
30.58	35.4896	50
30.59	35.4896	50
30.6	35.4896	50
30.61	35.4896	50
30.62	35.4896	50
30.63	35.4896	50
30.64	35.4896	50
30.65	35.4896	50
30.66	35.4896	50
30.67	35.4896	50
30.68	35.4896	50
30.69	35.4896	50
30.7	35.4896	50
30.71	35.4896	68
30.72	35.6249	80
30.73	36.0306	80
30.74	36.4265	80
30.75	36.8175	80
30.76	37.1945	80
30.77	37.5669	80
30.78	37.9303	80
30.79	38.2849	80
30.8	38.6352	80
30.81	38.9729	80
30.82	39.3065	80
30.83	39.632	80
30.84	39.9496	80
30.85	40.2634	80
30.86	40.5659	80
30.87	40.8647	80
30.88	41.1563	80
30.89	41.4409	80
30.9	41.7219	80
30.91	41.9929	80
30.92	42.2606	80
30.93	42.5218	80
30.94	42.7767	80
30.95	43.0285	80
30.96	43.2713	80
30.97	43.5111	80
30.98	43.7451	80
30.99	43.9735	80
31	44.1991	80
31.01	44.4166	80
31.02	44.6314	80
31.03	44.8411	80
31.04	45.0457	80
31.05	45.2478	80
31.06	45.4426	80
31.07	45.6351	80
31.08	45.8229	80
31.09	46.0062	80
31.1	46.1873	80
31.11	46.3618	80
31.12	46.5343	80
31.13	46.7026	80
31.14	46.8668	80
31.15	47.029	80
31.16	47.1854	80
31.17	47.3399	80
31.18	47.4907	80
31.19	47.6378	80
31.2	47.7831	80
31.21	47.9232	80
31.22	48.0617	80
31.23	48.1967	80
31.24	48.3286	80
31.25	48.4588	80
31.26	48.5843	80
31.27	48.7083	80
31.28	48.8294	80
31.29	48.9475	80
31.3	49.0641	80
31.31	49.1766	80
31.32	49.2877	80
31.33	49.3961	80
31.34	49.502	80
31.35	49.6065	80
31.36	49.7073	80
31.37	49.8068	80
31.38	49.904	80
31.39	49.9988	80
31.4	50.0924	80
31.41	50.1827	80
31.42	50.2719	80
31.43	50.3589	80
31.44	50.4439	80
31.45	50.5278	80
31.46	50.6087	80
31.47	50.6886	80
31.48	50.7666	80
31.49	50.8427	80
31.5	50.9178	80
31.51	50.9903	80
31.52	51.0619	80
31.53	51.1318	80
31.54	51.2	80
31.55	51.2673	80
31.56	51.3323	80
31.57	51.3964	80
31.58	51.459	80
31.59	51.5201	80
31.6	51.5804	80
31.61	51.6386	80
31.62	51.6961	80
31.63	51.7522	80
31.64	51.8069	80
31.65	51.861	80
31.66	51.9131	80
31.67	51.9646	80
31.68	52.0149	80
31.69	52.0639	80
31.7	52.1123	80
31.71	52.159	80
31.72	52.2052	80
31.73	52.2502	80
31.74	52.2941	80
31.75	52.3375	80
31.76	52.3794	80
31.77	52.4207	80
31.78	52.4611	80
31.79	52.5004	80
31.8	52.5393	80
31.81	52.5768	80
31.82	52.6138	80
31.83	52.65	80
31.84	52.6852	80
31.85	52.7201	80
31.86	52.7537	80
31.87	52.7868	80
31.88	52.8192	80
31.89	52.8508	80
31.9	52.882	80
31.91	52.9121	80
31.92	52.9419	80
31.93	52.9709	80
31.94	52.9992	80
31.95	53.0271	80
31.96	53.0541	80
31.97	53.0807	80
31.98	53.1067	80
31.99	53.1321	80
32	53.1572	80
32.01	53.1813	80
32.02	53.2052	80
32.03	53.2285	80
32.04	53.2512	80
32.05	53.2736	80
32.06	53.2953	80
32.07	53.3167	80
32.08	53.3375	80
32.09	53.3579	80
32.1	53.378	80
32.11	53.3974	80
32.12	53.4165	80
32.13	53.4352	80
32.14	53.4535	80
32.15	53.4715	80
32.16	53.4889	80
32.17	53.506	80
32.18	53.5228	80
32.19	53.5391	80
32.2	53.5553	80
32.21	53.5708	80
32.22	53.5862	80
32.23	53.6012	80
32.24	53.6158	80
32.25	53.6303	80
32.26	53.6443	80
32.27	53.658	80
32.28	53.6715	80
32.29	53.6846	80
32.3	53.6975	80
32.31	53.71	80
32.32	53.7224	80
32.33	53.7344	80
32.34	53.7462	80
32.35	53.7578	80
32.36	53.769	80
32.37	53.78	80
32.38	53.7908	80
32.39	53.8014	80
32.4	53.8118	80
32.41	53.8218	80
32.42	53.8317	80
32.43	53.8414	80
32.44	53.8508	80
32.45	53.8601	80
32.46	53.8691	80
32.47	53.878	80
32.48	53.8866	80
32.49	53.8951	80
32.5	53.9034	80
32.51	53.9115	80
32.52	53.9194	80
32.53	53.9272	80
32.54	53.9348	80
32.55	53.9422	80
32.56	53.9495	80
32.57	53.9566	80
32.58	53.9635	80
32.59	53.9703	80
32.6	53.977	80
32.61	53.9835	80
32.62	53.9899	80
32.63	53.9961	80
32.64	54.0022	80
32.65	54.0082	80
32.66	54.014	80
32.67	54.0197	80
32.68	54.0253	80
32.69	54.0307	80
32.7	54.0361	80
32.71	54.0413	80
32.72	54.0464	80
32.73	54.0514	80
32.74	54.0563	80
32.75	54.0611	80
32.76	54.0657	80
32.77	54.0703	80
32.78	54.0748	80
32.79	54.0792	80
32.8	54.0835	80
32.81	54.0877	80
32.82	54.0918	80
32.83	54.0958	80
32.84	54.0997	80
32.85	54.1036	80
32.86	54.1073	80
32.87	54.111	80
32.88	54.1146	80
32.89	54.1181	80
32.9	54.1215	80
32.91	54.1249	80
32.92	54.1282	80
32.93	54.1314	80
32.94	54.1345	80
32.95	54.1376	80
32.96	54.1406	80
32.97	54.1435	80
32.98	54.1464	80
32.99	54.1492	80
33	54.152	80
33.01	54.1547	80
33.02	54.1573	80
33.03	54.1599	80
33.04	54.1624	80
33.05	54.1649	80
33.06	54.1673	80
33.07	54.1696	80
33.08	54.1719	80
33.09	54.1742	80
33.1	54.1764	80
33.11	54.1786	80
33.12	54.1807	80
33.13	54.1828	80
33.14	54.1848	80
33.15	54.1868	80
33.16	54.1887	80
33.17	54.1906	80
33.18	54.1924	80
33.19	54.1943	80
33.2	54.196	80
33.21	54.1978	80
33.22	54.1995	80
33.23	54.2011	80
33.24	54.2028	80
33.25	54.2044	80
33.26	54.2059	80
33.27	54.2074	80
33.28	54.2089	80
33.29	54.2104	80
33.3	54.2118	80
33.31	54.2132	80
33.32	54.2146	80
33.33	54.2159	80
33.34	54.2172	80
33.35	54.2185	80
33.36	54.2197	80
33.37	54.221	80
33.38	54.2222	80
33.39	54.2233	80
33.4	54.2245	80
33.41	54.2256	80
33.42	54.2267	80
33.43	54.2278	80
33.44	54.2288	80
33.45	54.2299	80
33.46	54.2309	80
33.47	54.2318	80
33.48	54.2328	80
33.49	54.2337	80
33.5	54.2347	80
33.51	54.2356	80
33.52	54.2365	80
33.53	54.2373	80
33.54	54.2382	80
33.55	54.239	80
33.56	54.2398	80
33.57	54.2406	80
33.58	54.2414	80
33.59	54.2421	80
33.6	54.2429	80
33.61	54.2436	80
33.62	54.2443	80
33.63	54.245	80
33.64	54.2457	80
33.65	54.2463	80
33.66	54.247	80
33.67	54.2476	80
33.68	54.2482	80
33.69	54.2488	80
33.7	54.2494	80
33.71	54.25	80
33.72	54.2506	80
33.73	54.2511	80
33.74	54.2517	80
33.75	54.2522	80
33.76	54.2527	80
33.77	54.2532	80
33.78	54.2537	80
33.79	54.2542	80
33.8	54.2547	80
33.81	54.2552	80
33.82	54.2556	80
33.83	54.2561	80
33.84	54.2565	80
33.85	54.2569	80
33.86	54.2574	80
33.87	54.2578	80
33.88	54.2582	80
33.89	54.2586	80
33.9	54.2589	80
33.91	54.2593	80
33.92	54.2597	80
33.93	54.26	80
33.94	54.2604	80
33.95	54.2607	80
33.96	54.2611	80
33.97	54.2614	80
33.98	54.2617	80
33.99	54.262	80
34	54.2624	80
34.01	54.2627	80
34.02	54.2629	80
34.03	54.2632	80
34.04	54.2635	80
34.05	54.2638	80
34.06	54.2641	80
34.07	54.2643	80
34.08	54.2646	80
34.09	54.2648	80
34.1	54.2651	80
34.11	54.2653	80
34.12	54.2656	80
34.13	54.2658	80
34.14	54.266	80
34.15	54.2663	80
34.16	54.2665	80
34.17	54.2667	80
34.18	54.2669	80
34.19	54.2671	80
34.2	54.2673	80
34.21	54.2675	80
34.22	54.2677	80
34.23	54.2679	80
34.24	54.268	80
34.25	54.2682	80
34.26	54.2684	80
34.27	54.2686	80
34.28	54.2687	80
34.29	54.2689	80
34.3	54.2691	80
34.31	54.2692	80
34.32	54.2694	80
34.33	54.2695	80
34.34	54.2697	80
34.35	54.2698	80
34.36	54.2699	80
34.37	54.2701	80
34.38	54.2702	80
34.39	54.2703	80
34.4	54.2705	80
34.41	54.2706	80
34.42	54.2707	80
34.43	54.2708	80
34.44	54.271	80
34.45	54.2711	80
34.46	54.2712	80
34.47	54.2713	80
34.48	54.2714	80
34.49	54.2715	80
34.5	54.2716	80
34.51	54.2717	80
34.52	54.2718	80
34.53	54.2719	80
34.54	54.272	80
34.55	54.2721	80
34.56	54.2722	80
34.57	54.2723	80
34.58	54.2724	80
34.59	54.2725	80
34.6	54.2725	80
34.61	54.2726	80
34.62	54.2727	80
34.63	54.2728	80
34.64	54.2728	80
34.65	54.2729	80
34.66	54.273	80
34.67	54.2731	80
34.68	54.2731	80
34.69	54.2732	80
34.7	54.2733	80
34.71	54.2733	80
34.72	54.2734	80
34.73	54.2735	80
34.74	54.2735	80
34.75	54.2736	80
34.76	54.2736	80
34.77	54.2737	80
34.78	54.2738	80
34.79	54.2738	80
34.8	54.2739	80
34.81	54.2739	80
34.82	54.274	80
34.83	54.274	80
34.84	54.2741	80
34.85	54.2741	80
34.86	54.2742	80
34.87	54.2742	80
34.88	54.2743	80
34.89	54.2743	80
34.9	54.2743	80
34.91	54.2744	80
34.92	54.2744	80
34.93	54.2745	80
34.94	54.2745	80
34.95	54.2745	80
34.96	54.2746	80
34.97	54.2746	80
34.98	54.2746	80
34.99	54.2747	80
35	54.2747	80
35.01	54.2748	80
35.02	54.2748	80
35.03	54.2748	80
35.04	54.2749	80
35.05	54.2749	80
35.06	54.2749	80
35.07	54.2749	80
35.08	54.275	80
35.09	54.275	80
35.1	54.275	80
35.11	54.2751	80
35.12	54.2751	80
35.13	54.2751	80
35.14	54.2751	80
35.15	54.2752	80
35.16	54.2752	80
35.17	54.2752	80
35.18	54.2752	80
35.19	54.2753	80
35.2	54.2753	80
35.21	54.2753	80
35.22	54.2753	80
35.23	54.2753	80
35.24	54.2754	80
35.25	54.2754	80
35.26	54.2754	80
35.27	54.2754	80
35.28	54.2754	80
35.29	54.2755	80
35.3	54.2755	80
35.31	54.2755	80
35.32	54.2755	80
35.33	54.2755	80
35.34	54.2755	80
35.35	54.2756	80
35.36	54.2756	80
35.37	54.2756	80
35.38	54.2756	80
35.39	54.2756	80
35.4	54.2756	80
35.41	54.2756	80
35.42	54.2757	80
35.43	54.2757	80
35.44	54.2757	80
35.45	54.2757	80
35.46	54.2757	80
35.47	54.2757	80
35.48	54.2757	80
35.49	54.2757	80
35.5	54.2758	80
35.51	54.2758	80
35.52	54.2758	80
35.53	54.2758	80
35.54	54.2758	80
35.55	54.2758	80
35.56	54.2758	80
35.57	54.2758	80
35.58	54.2758	80
35.59	54.2759	80
35.6	54.2759	80
35.61	54.2759	80
35.62	54.2759	80
35.63	54.2759	80
35.64	54.2759	80
35.65	54.2759	80
35.66	54.2759	80
35.67	54.2759	80
35.68	54.2759	80
35.69	54.2759	80
35.7	54.2759	80
35.71	54.276	80
35.72	54.276	80
35.73	54.276	80
35.74	54.276	80
35.75	54.276	80
35.76	54.276	80
35.77	54.276	80
35.78	54.276	80
35.79	54.276	80
35.8	54.276	80
35.81	54.276	80
35.82	54.276	80
35.83	54.276	80
35.84	54.276	80
35.85	54.276	80
35.86	54.276	80
35.87	54.276	80
35.88	54.2761	80
35.89	54.2761	80
35.9	54.2761	80
35.91	54.2761	80
35.92	54.2761	80
35.93	54.2761	80
35.94	54.2761	80
35.95	54.2761	80
35.96	54.2761	80
35.97	54.2761	80
35.98	54.2761	80
35.99	54.2761	80
36	54.2761	80
36.01	54.2761	80
36.02	54.2761	80
36.03	54.2761	80
36.04	54.2761	80
36.05	54.2761	80
36.06	54.2761	80
36.07	54.2761	80
36.08	54.2761	80
36.09	54.2761	80
36.1	54.2761	80
36.11	54.2761	80
36.12	54.2761	80
36.13	54.2761	80
36.14	54.2762	80
36.15	54.2762	80
36.16	54.2762	80
36.17	54.2762	80
36.18	54.2762	80
36.19	54.2762	80
36.2	54.2762	80
36.21	54.2762	80
36.22	54.2762	80
36.23	54.2762	80
36.24	54.2762	80
36.25	54.2762	80
36.26	54.2762	80
36.27	54.2762	80
36.28	54.2762	80
36.29	54.2762	80
36.3	54.2762	80
36.31	54.2762	80
36.32	54.2762	80
36.33	54.2762	80
36.34	54.2762	80
36.35	54.2762	80
36.36	54.2762	80
36.37	54.2762	80
36.38	54.2762	80
36.39	54.2762	80
36.4	54.2762	80
36.41	54.2762	80
36.42	54.2762	80
36.43	54.2762	80
36.44	54.2762	80
36.45	54.2762	80
36.46	54.2762	80
36.47	54.2762	80
36.48	54.2762	80
36.49	54.2762	80
36.5	54.2762	80
36.51	54.2762	80
36.52	54.2762	80
36.53	54.2762	80
36.54	54.2762	80
36.55	54.2762	80
36.56	54.2762	80
36.57	54.2762	80
36.58	54.2762	80
36.59	54.2762	80
36.6	54.2762	80
36.61	54.2762	80
36.62	54.2762	80
36.63	54.2762	80
36.64	54.2762	80
36.65	54.2762	80
36.66	54.2762	80
36.67	54.2762	80
36.68	54.2762	80
36.69	54.2762	80
36.7	54.2762	80
36.71	54.2762	80
36.72	54.2762	80
36.73	54.2762	80
36.74	54.2762	80
36.75	54.2762	80
36.76	54.2762	80
36.77	54.2762	80
36.78	54.2762	80
36.79	54.2762	80
36.8	54.2762	80
36.81	54.2763	80
36.82	54.2763	80
36.83	54.2763	80
36.84	54.2763	80
36.85	54.2763	80
36.86	54.2763	80
36.87	54.2763	80
36.88	54.2763	80
36.89	54.2763	80
36.9	54.2763	80
36.91	54.2763	80
36.92	54.2763	80
36.93	54.2763	80
36.94	54.2763	80
36.95	54.2763	80
36.96	54.2763	80
36.97	54.2763	80
36.98	54.2763	80
36.99	54.2763	80
37	54.2763	80
37.01	54.2763	80
37.02	54.2763	80
37.03	54.2763	80
37.04	54.2763	80
37.05	54.2763	80
37.06	54.2763	80
37.07	54.2763	80
37.08	54.2763	80
37.09	54.2763	80
37.1	54.2763	80
37.11	54.2763	80
37.12	54.2763	80
37.13	54.2763	80
37.14	54.2763	80
37.15	54.2763	80
37.16	54.2763	80
37.17	54.2763	80
37.18	54.2763	80
37.19	54.2763	80
37.2	54.2763	80
37.21	54.2763	80
37.22	54.2763	80
37.23	54.2763	80
37.24	54.2763	80
37.25	54.2763	80
37.26	54.2763	80
37.27	54.2763	80
37.28	54.2763	80
37.29	54.2763	80
37.3	54.2763	80
37.31	54.2763	80
37.32	54.2763	80
37.33	54.2763	80
37.34	54.2763	80
37.35	54.2763	80
37.36	54.2763	80
37.37	54.2763	80
37.38	54.2763	80
37.39	54.2763	80
37.4	54.2763	80
37.41	54.2763	80
37.42	54.2763	80
37.43	54.2763	80
37.44	54.2763	80
37.45	54.2763	80
37.46	54.2763	80
37.47	54.2763	80
37.48	54.2763	80
37.49	54.2763	80
37.5	54.2763	80
37.51	54.2763	80
37.52	54.2763	80
37.53	54.2763	80
37.54	54.2763	80
37.55	54.2763	80
37.56	54.2763	80
37.57	54.2763	80
37.58	54.2763	80
37.59	54.2763	80
37.6	54.2763	80
37.61	54.2763	80
37.62	54.2763	80
37.63	54.2763	80
37.64	54.2763	80
37.65	54.2763	80
37.66	54.2763	80
37.67	54.2763	80
37.68	54.2763	80
37.69	54.2763	80
37.7	54.2763	80
37.71	54.2763	80
37.72	54.2763	80
37.73	54.2763	80
37.74	54.2763	80
37.75	54.2763	80
37.76	54.2763	80
37.77	54.2763	80
37.78	54.2763	80
37.79	54.2763	80
37.8	54.2763	80
37.81	54.2763	80
37.82	54.2763	80
37.83	54.2763	80
37.84	54.2763	80
37.85	54.2763	80
37.86	54.2763	80
37.87	54.2763	80
37.88	54.2763	80
37.89	54.2763	80
37.9	54.2763	80
37.91	54.2763	80
37.92	54.2763	80
37.93	54.2763	80
37.94	54.2763	80
37.95	54.2763	80
37.96	54.2763	80
37.97	54.2763	80
37.98	54.2763	80
37.99	54.2763	80
38	54.2763	80
38.01	54.2763	80
38.02	54.2763	80
38.03	54.2763	80
38.04	54.2763	80
38.05	54.2763	80
38.06	54.2763	80
38.07	54.2763	80
38.08	54.2763	80
38.09	54.2763	80
38.1	54.2763	80
38.11	54.2763	80
38.12	54.2763	80
38.13	54.2763	80
38.14	54.2763	80
38.15	54.2763	80
38.16	54.2763	80
38.17	54.2763	80
38.18	54.2763	80
38.19	54.2763	80
38.2	54.2763	80
38.21	54.2763	80
38.22	54.2763	80
38.23	54.2763	80
38.24	54.2763	80
38.25	54.2763	80
38.26	54.2763	80
38.27	54.2763	80
38.28	54.2763	80
38.29	54.2763	80
38.3	54.2763	80
38.31	54.2763	80
38.32	54.2763	80
38.33	54.2763	80
38.34	54.2763	80
38.35	54.2763	80
38.36	54.2763	80
38.37	54.2763	80
38.38	54.2763	80
38.39	54.2763	80
38.4	54.2763	80
38.41	54.2763	80
38.42	54.2763	80
38.43	54.2763	80
38.44	54.2763	80
38.45	54.2763	80
38.46	54.2763	80
38.47	54.2763	80
38.48	54.2763	80
38.49	54.2763	80
38.5	54.2763	80
38.51	54.2763	80
38.52	54.2763	80
38.53	54.2763	80
38.54	54.2763	80
38.55	54.2763	80
38.56	54.2763	80
38.57	54.2763	80
38.58	54.2763	80
38.59	54.2763	80
38.6	54.2763	80
38.61	54.2763	80
38.62	54.2763	80
38.63	54.2763	80
38.64	54.2763	80
38.65	54.2763	80
38.66	54.2763	80
38.67	54.2763	80
38.68	54.2763	80
38.69	54.2763	80
38.7	54.2763	80
38.71	54.2763	80
38.72	54.2763	80
38.73	54.2763	80
38.74	54.2763	80
38.75	54.2763	80
38.76	54.2763	80
38.77	54.2763	80
38.78	54.2763	80
38.79	54.2763	80
38.8	54.2763	80
38.81	54.2763	80
38.82	54.2763	80
38.83	54.2763	80
38.84	54.2763	80
38.85	54.2763	80
38.86	54.2763	80
38.87	54.2763	80
38.88	54.2763	80
38.89	54.2763	80
38.9	54.2763	80
38.91	54.2763	80
38.92	54.2763	80
38.93	54.2763	80
38.94	54.2763	80
38.95	54.2763	80
38.96	54.2763	80
38.97	54.2763	80
38.98	54.2763	80
38.99	54.2763	80
39	54.2763	80
39.01	54.2763	80
39.02	54.2763	80
39.03	54.2763	80
39.04	54.2763	80
39.05	54.2763	80
39.06	54.2763	80
39.07	54.2763	80
39.08	54.2763	80
39.09	54.2763	80
39.1	54.2763	80
39.11	54.2763	80
39.12	54.2763	80
39.13	54.2763	80
39.14	54.2763	80
39.15	54.2763	80
39.16	54.2763	80
39.17	54.2763	80
39.18	54.2763	80
39.19	54.2763	80
39.2	54.2763	80
39.21	54.2763	80
39.22	54.2763	80
39.23	54.2763	80
39.24	54.2763	80
39.25	54.2763	80
39.26	54.2763	80
39.27	54.2763	80
39.28	54.2763	80
39.29	54.2763	80
39.3	54.2763	80
39.31	54.2763	80
39.32	54.2763	80
39.33	54.2763	80
39.34	54.2763	80
39.35	54.2763	80
39.36	54.2763	80
39.37	54.2763	80
39.38	54.2763	80
39.39	54.2763	80
39.4	54.2763	80
39.41	54.2763	80
39.42	54.2763	80
39.43	54.2763	80
39.44	54.2763	80
39.45	54.2763	80
39.46	54.2763	80
39.47	54.2763	80
39.48	54.2763	80
39.49	54.2763	80
39.5	54.2763	80
39.51	54.2763	80
39.52	54.2763	80
39.53	54.2763	80
39.54	54.2763	80
39.55	54.2763	80
39.56	54.2763	80
39.57	54.2763	80
39.58	54.2763	80
39.59	54.2763	80
39.6	54.2763	80
39.61	54.2763	80
39.62	54.2763	80
39.63	54.2763	80
39.64	54.2763	80
39.65	54.2763	80
39.66	54.2763	80
39.67	54.2763	80
39.68	54.2763	80
39.69	54.2763	80
39.7	54.2763	80
39.71	54.2763	80
39.72	54.2763	80
39.73	54.2763	80
39.74	54.2763	80
39.75	54.2763	80
39.76	54.2763	80
39.77	54.2763	80
39.78	54.2763	80
39.79	54.2763	80
39.8	54.2763	80
39.81	54.2763	80
39.82	54.2763	80
39.83	54.2763	80
39.84	54.2763	80
39.85	54.2763	80
39.86	54.2763	80
39.87	54.2763	80
39.88	54.2763	80
39.89	54.2763	80
39.9	54.2763	80
39.91	54.2763	80
39.92	54.2763	80
39.93	54.2763	80
39.94	54.2763	80
39.95	54.2763	80
39.96	54.2763	80
39.97	54.2763	80
39.98	54.2763	80
39.99	54.2763	80
40	54.2763	80
40.01	54.2763	80
40.02	54.2763	80
40.03	54.2763	80
40.04	54.2763	80
40.05	54.2763	80
40.06	54.2763	80
40.07	54.2763	80
40.08	54.2763	80
40.09	54.2763	80
40.1	54.2763	80
40.11	54.2763	80
40.12	54.2763	80
40.13	54.2763	80
40.14	54.2763	80
40.15	54.2763	80
40.16	54.2763	80
40.17	54.2763	80
40.18	54.2763	80
40.19	54.2763	80
40.2	54.2763	80
40.21	54.2763	80
40.22	54.2763	80
40.23	54.2763	80
40.24	54.2763	80
40.25	54.2763	80
40.26	54.2763	80
40.27	54.2763	80
40.28	54.2763	80
40.29	54.2763	80
40.3	54.2763	80
40.31	54.2763	80
40.32	54.2763	80
40.33	54.2763	80
40.34	54.2763	80
40.35	54.2763	80
40.36	54.2763	80
40.37	54.2763	80
40.38	54.2763	80
40.39	54.2763	80
40.4	54.2763	80
40.41	54.2763	80
40.42	54.2763	80
40.43	54.2763	80
40.44	54.2763	80
40.45	54.2763	80
40.46	54.2763	80
40.47	54.2763	80
40.48	54.2763	80
40.49	54.2763	80
40.5	54.2763	80
40.51	54.2763	80
40.52	54.2763	80
40.53	54.2763	80
40.54	54.2763	80
40.55	54.2763	80
40.56	54.2763	80
40.57	54.2763	80
40.58	54.2763	80
40.59	54.2763	80
40.6	54.2763	80
40.61	54.2763	80
40.62	54.2763	80
40.63	54.2763	80
40.64	54.2763	80
40.65	54.2763	80
40.66	54.2763	80
40.67	54.2763	80
40.68	54.2763	80
40.69	54.2763	80
40.7	54.2763	80
40.71	54.2763	80
40.72	54.2763	80
40.73	54.2763	80
40.74	54.2763	80
40.75	54.2763	80
40.76	54.2763	80
40.77	54.2763	80
40.78	54.2763	80
40.79	54.2763	80
40.8	54.2763	80
40.81	54.2763	80
40.82	54.2763	80
40.83	54.2763	80
40.84	54.2763	80
40.85	54.2763	80
40.86	54.2763	80
40.87	54.2763	80
40.88	54.2763	80
40.89	54.2763	80
40.9	54.2763	80
40.91	54.2763	80
40.92	54.2763	80
40.93	54.2763	80
40.94	54.2763	80
40.95	54.2763	80
40.96	54.2763	80
40.97	54.2763	80
40.98	54.2763	80
40.99	54.2763	80
41	54.2763	80
41.01	54.2763	80
41.02	54.2763	80
41.03	54.2763	80
41.04	54.2763	80
41.05	54.2763	80
41.06	54.2763	80
41.07	54.2763	80
41.08	54.2763	80
41.09	54.2763	80
41.1	54.2763	80
41.11	54.2763	80
41.12	54.2763	80
41.13	54.2763	80
41.14	54.2763	80
41.15	54.2763	80
41.16	54.2763	80
41.17	54.2763	80
41.18	54.2763	80
41.19	54.2763	80
41.2	54.2763	80
41.21	54.2763	80
41.22	54.2763	80
41.23	54.2763	80
41.24	54.2763	80
41.25	54.2763	80
41.26	54.2763	80
41.27	54.2763	80
41.28	54.2763	80
41.29	54.2763	80
41.3	54.2763	80
41.31	54.2763	80
41.32	54.2763	80
41.33	54.2763	80
41.34	54.2763	80
41.35	54.2763	80
41.36	54.2763	80
41.37	54.2763	80
41.38	54.2763	80
41.39	54.2763	80
41.4	54.2763	80
41.41	54.2763	80
41.42	54.2763	80
41.43	54.2763	80
41.44	54.2763	80
41.45	54.2763	80
41.46	54.2763	80
41.47	54.2763	80
41.48	54.2763	80
41.49	54.2763	80
41.5	54.2763	80
41.51	54.2763	80
41.52	54.2763	80
41.53	54.2763	80
41.54	54.2763	80
41.55	54.2763	80
41.56	54.2763	80
41.57	54.2763	80
41.58	54.2763	80
41.59	54.2763	80
41.6	54.2763	80
41.61	54.2763	80
41.62	54.2763	80
41.63	54.2763	80
41.64	54.2763	80
41.65	54.2763	80
41.66	54.2763	80
41.67	54.2763	80
41.68	54.2763	80
41.69	54.2763	80
41.7	54.2763	80
41.71	54.2763	80
41.72	54.2763	80
41.73	54.2763	80
41.74	54.2763	80
41.75	54.2763	80
41.76	54.2763	80
41.77	54.2763	80
41.78	54.2763	80
41.79	54.2763	80
41.8	54.2763	80
41.81	54.2763	80
41.82	54.2763	80
41.83	54.2763	80
41.84	54.2763	80
41.85	54.2763	80
41.86	54.2763	80
41.87	54.2763	80
41.88	54.2763	80
41.89	54.2763	80
41.9	54.2763	80
41.91	54.2763	80
41.92	54.2763	80
41.93	54.2763	80
41.94	54.2763	80
41.95	54.2763	80
41.96	54.2763	80
41.97	54.2763	80
41.98	54.2763	80
41.99	54.2763	80
42	54.2763	80
42.01	54.2763	80
42.02	54.2763	80
42.03	54.2763	80
42.04	54.2763	80
42.05	54.2763	80
42.06	54.2763	80
42.07	54.2763	80
42.08	54.2763	80
42.09	54.2763	80
42.1	54.2763	80
42.11	54.2763	80
42.12	54.2763	80
42.13	54.2763	80
42.14	54.2763	80
42.15	54.2763	80
42.16	54.2763	80
42.17	54.2763	80
42.18	54.2763	80
42.19	54.2763	80
42.2	54.2763	80
42.21	54.2763	80
42.22	54.2763	80
42.23	54.2763	80
42.24	54.2763	80
42.25	54.2763	80
42.26	54.2763	80
42.27	54.2763	80
42.28	54.2763	80
42.29	54.2763	80
42.3	54.2763	80
42.31	54.2763	80
42.32	54.2763	80
42.33	54.2763	80
42.34	54.2763	80
42.35	54.2763	80
42.36	54.2763	80
42.37	54.2763	80
42.38	54.2763	80
42.39	54.2763	80
42.4	54.2763	80
42.41	54.2763	80
42.42	54.2763	80
42.43	54.2763	80
42.44	54.2763	80
42.45	54.2763	80
42.46	54.2763	80
42.47	54.2763	80
42.48	54.2763	80
42.49	54.2763	80
42.5	54.2763	80
42.51	54.2763	80
42.52	54.2763	80
42.53	54.2763	80
42.54	54.2763	80
42.55	54.2763	80
42.56	54.2763	80
42.57	54.2763	80
42.58	54.2763	80
42.59	54.2763	80
42.6	54.2763	80
42.61	54.2763	80
42.62	54.2763	80
42.63	54.2763	80
42.64	54.2763	80
42.65	54.2763	80
42.66	54.2763	80
42.67	54.2763	80
42.68	54.2763	80
42.69	54.2763	80
42.7	54.2763	80
42.71	54.2763	80
42.72	54.2763	80
42.73	54.2763	80
42.74	54.2763	80
42.75	54.2763	80
42.76	54.2763	80
42.77	54.2763	80
42.78	54.2763	80
42.79	54.2763	80
42.8	54.2763	80
42.81	54.2763	80
42.82	54.2763	80
42.83	54.2763	80
42.84	54.2763	80
42.85	54.2763	80
42.86	54.2763	80
42.87	54.2763	80
42.88	54.2763	80
42.89	54.2763	80
42.9	54.2763	80
42.91	54.2763	80
42.92	54.2763	80
42.93	54.2763	80
42.94	54.2763	80
42.95	54.2763	80
42.96	54.2763	80
42.97	54.2763	80
42.98	54.2763	80
42.99	54.2763	80
43	54.2763	80
43.01	54.2763	80
43.02	54.2763	80
43.03	54.2763	80
43.04	54.2763	80
43.05	54.2763	80
43.06	54.2763	80
43.07	54.2763	80
43.08	54.2763	80
43.09	54.2763	80
43.1	54.2763	80
43.11	54.2763	80
43.12	54.2763	80
43.13	54.2763	80
43.14	54.2763	80
43.15	54.2763	80
43.16	54.2763	80
43.17	54.2763	80
43.18	54.2763	80
43.19	54.2763	80
43.2	54.2763	80
43.21	54.2763	80
43.22	54.2763	80
43.23	54.2763	80
43.24	54.2763	80
43.25	54.2763	80
43.26	54.2763	80
43.27	54.2763	80
43.28	54.2763	80
43.29	54.2763	80
43.3	54.2763	80
43.31	54.2763	80
43.32	54.2763	80
43.33	54.2763	80
43.34	54.2763	80
43.35	54.2763	80
43.36	54.2763	80
43.37	54.2763	80
43.38	54.2763	80
43.39	54.2763	80
43.4	54.2763	80
43.41	54.2763	80
43.42	54.2763	80
43.43	54.2763	80
43.44	54.2763	80
