Time	VALVE 368	#5 Tank shape = vertical
	POSITION	OUT1
		TEMPERATURE
		`C
0.02	50	13.4414
0.03	50	38.7655
0.04	50	47.2068
0.05	50	47.2068
0.06	50	47.2068
0.07	50	47.2068
0.08	50	47.2068
0.09	50	47.2068
0.1	50	47.2068
0.11	50	47.2068
0.12	50	47.2068
0.13	50	47.2068
0.14	50	47.2068
0.15	50	47.2068
0.16	50	47.2068
0.17	50	47.2068
0.18	50	47.2068
0.19	50	47.2068
0.2	50	47.2068
0.21	50	47.2068
0.22	50	47.2068
0.23	50	47.2068
0.24	50	47.2068
0.25	50	47.2068
0.26	50	47.2068
0.27	50	47.2068
0.28	50	47.2068
0.29	50	47.2068
0.3	50	47.2068
0.31	50	47.2068
0.32	50	47.2068
0.33	50	47.2068
0.34	50	47.2068
0.35	50	47.2068
0.36	50	47.2068
0.37	50	47.2068
0.38	50	47.2068
0.39	50	47.2068
0.4	50	47.2068
0.41	50	47.2068
0.42	50	47.2068
0.43	50	47.2068
0.44	50	47.2068
0.45	50	47.2068
0.46	50	47.2068
0.47	50	47.2068
0.48	50	47.2068
0.49	50	47.2068
0.5	50	47.2068
0.51	50	47.2068
0.52	50	47.2068
0.53	50	47.2068
0.54	50	47.2068
0.55	50	47.2068
0.56	50	47.2068
0.57	50	47.2068
0.58	50	47.2068
0.59	50	47.2068
0.6	50	47.2068
0.61	50	47.2068
0.62	50	47.2068
0.63	50	47.2068
0.64	50	47.2068
0.65	50	47.2068
0.66	50	47.2068
0.67	50	47.2068
0.68	50	47.2068
0.69	50	47.2068
0.7	50	47.2068
0.71	50	47.2068
0.72	50	47.2068
0.73	50	47.2068
0.74	50	47.2068
0.75	50	47.2068
0.76	50	47.2068
0.77	50	47.2068
0.78	50	47.2068
0.79	50	47.2068
0.8	50	47.2068
0.81	50	47.2068
0.82	50	47.2068
0.83	50	47.2068
0.84	50	47.2068
0.85	50	47.2068
0.86	50	47.2068
0.87	50	47.2068
0.88	50	47.2068
0.89	50	47.2068
0.9	50	47.2068
0.91	50	47.2068
0.92	50	47.2068
0.93	50	47.2068
0.94	50	47.2068
0.95	50	47.2068
0.96	50	47.2068
0.97	50	47.2068
0.98	50	47.2068
0.99	50	47.2068
1	50	47.2068
1.01	50	47.2068
1.02	50	47.2068
1.03	50	47.2068
1.04	50	47.2068
1.05	50	47.2068
1.06	50	47.2068
1.07	50	47.2068
1.08	50	47.2068
1.09	50	47.2068
1.1	50	47.2068
1.11	50	47.2068
1.12	50	47.2068
1.13	50	47.2068
1.14	50	47.2068
1.15	50	47.2068
1.16	50	47.2068
1.17	50	47.2068
1.18	50	47.2068
1.19	50	47.2068
1.2	50	47.2068
1.21	50	47.2068
1.22	50	47.2068
1.23	50	47.2068
1.24	50	47.2068
1.25	50	47.2068
1.26	50	47.2068
1.27	50	47.2068
1.28	50	47.2068
1.29	50	47.2068
1.3	50	47.2068
1.31	50	47.2068
1.32	50	47.2068
1.33	50	47.2068
1.34	50	47.2068
1.35	50	47.2068
1.36	50	47.2068
1.37	50	47.2068
1.38	50	47.2068
1.39	50	47.2068
1.4	50	47.2068
1.41	50	47.2068
1.42	50	47.2068
1.43	50	47.2068
1.44	50	47.2068
1.45	50	47.2068
1.46	50	47.2068
1.47	50	47.2068
1.48	50	47.2068
1.49	50	47.2068
1.5	50	47.2068
1.51	50	47.2068
1.52	50	47.2068
1.53	50	47.2068
1.54	50	47.2068
1.55	50	47.2068
1.56	50	47.2068
1.57	50	47.2068
1.58	50	47.2068
1.59	50	47.2068
1.6	50	47.2068
1.61	50	47.2068
1.62	50	47.2068
1.63	50	47.2068
1.64	50	47.2068
1.65	50	47.2068
1.66	50	47.2068
1.67	50	47.2068
1.68	50	47.2068
1.69	50	47.2068
1.7	50	47.2068
1.71	50	47.2068
1.72	50	47.2068
1.73	50	47.2068
1.74	50	47.2068
1.75	50	47.2068
1.76	50	47.2068
1.77	50	47.2068
1.78	50	47.2068
1.79	50	47.2068
1.8	50	47.2068
1.81	50	47.2068
1.82	50	47.2068
1.83	50	47.2068
1.84	50	47.2068
1.85	50	47.2068
1.86	50	47.2068
1.87	50	47.2068
1.88	50	47.2068
1.89	50	47.2068
1.9	50	47.2068
1.91	50	47.2068
1.92	50	47.2068
1.93	50	47.2068
1.94	50	47.2068
1.95	50	47.2068
1.96	50	47.2068
1.97	50	47.2068
1.98	50	47.2068
1.99	50	47.2068
2	50	47.2068
2.01	50	47.2068
2.02	50	47.2068
2.03	50	47.2068
2.04	50	47.2068
2.05	50	47.2068
2.06	50	47.2068
2.07	50	47.2068
2.08	50	47.2068
2.09	50	47.2068
2.1	50	47.2068
2.11	50	47.2068
2.12	50	47.2068
2.13	50	47.2068
2.14	50	47.2068
2.15	50	47.2068
2.16	50	47.2068
2.17	50	47.2068
2.18	50	47.2068
2.19	50	47.2068
2.2	50	47.2068
2.21	50	47.2068
2.22	50	47.2068
2.23	50	47.2068
2.24	50	47.2068
2.25	50	47.2068
2.26	50	47.2068
2.27	50	47.2068
2.28	50	47.2068
2.29	50	47.2068
2.3	50	47.2068
2.31	50	47.2068
2.32	50	47.2068
2.33	50	47.2068
2.34	50	47.2068
2.35	50	47.2068
2.36	50	47.2068
2.37	50	47.2068
2.38	50	47.2068
2.39	50	47.2068
2.4	50	47.2068
2.41	50	47.2068
2.42	50	47.2068
2.43	50	47.2068
2.44	50	47.2068
2.45	50	47.2068
2.46	50	47.2068
2.47	50	47.2068
2.48	50	47.2068
2.49	50	47.2068
2.5	50	47.2068
2.51	50	47.2068
2.52	50	47.2068
2.53	50	47.2068
2.54	50	47.2068
2.55	50	47.2068
2.56	50	47.2068
2.57	50	47.2068
2.58	50	47.2068
2.59	50	47.2068
2.6	50	47.2068
2.61	50	47.2068
2.62	50	47.2068
2.63	50	47.2068
2.64	50	47.2068
2.65	50	47.2068
2.66	50	47.2068
2.67	50	47.2068
2.68	50	47.2068
2.69	50	47.2068
2.7	50	47.2068
2.71	50	47.2068
2.72	50	47.2068
2.73	50	47.2068
2.74	50	47.2068
2.75	50	47.2068
2.76	50	47.2068
2.77	50	47.2068
2.78	50	47.2068
2.79	50	47.2068
2.8	50	47.2068
2.81	50	47.2068
2.82	50	47.2068
2.83	50	47.2068
2.84	50	47.2068
2.85	50	47.2068
2.86	50	47.2068
2.87	50	47.2068
2.88	50	47.2068
2.89	50	47.2068
2.9	50	47.2068
2.91	50	47.2068
2.92	50	47.2068
2.93	50	47.2068
2.94	50	47.2068
2.95	50	47.2068
2.96	50	47.2068
2.97	50	47.2068
2.98	50	47.2068
2.99	50	47.2068
3	50	47.2068
3.01	50	47.2068
3.02	50	47.2068
3.03	50	47.2068
3.04	50	47.2068
3.05	50	47.2068
3.06	50	47.2068
3.07	50	47.2068
3.08	50	47.2068
3.09	50	47.2068
3.1	50	47.2068
3.11	50	47.2068
3.12	50	47.2068
3.13	50	47.2068
3.14	50	47.2068
3.15	50	47.2068
3.16	50	47.2068
3.17	50	47.2068
3.18	50	47.2068
3.19	50	47.2068
3.2	50	47.2068
3.21	50	47.2068
3.22	50	47.2068
3.23	50	47.2068
3.24	50	47.2068
3.25	50	47.2068
3.26	50	47.2068
3.27	50	47.2068
3.28	50	47.2068
3.29	50	47.2068
3.3	50	47.2068
3.31	50	47.2068
3.32	50	47.2068
3.33	50	47.2068
3.34	50	47.2068
3.35	50	47.2068
3.36	50	47.2068
3.37	50	47.2068
3.38	50	47.2068
3.39	50	47.2068
3.4	50	47.2068
3.41	50	47.2068
3.42	50	47.2068
3.43	50	47.2068
3.44	50	47.2068
3.45	50	47.2068
3.46	50	47.2068
3.47	50	47.2068
3.48	50	47.2068
3.49	50	47.2068
3.5	50	47.2068
3.51	50	47.2068
3.52	50	47.2068
3.53	50	47.2068
3.54	50	47.2068
3.55	50	47.2068
3.56	50	47.2068
3.57	50	47.2068
3.58	50	47.2068
3.59	50	47.2068
3.6	50	47.2068
3.61	50	47.2068
3.62	50	47.2068
3.63	50	47.2068
3.64	50	47.2068
3.65	50	47.2068
3.66	50	47.2068
3.67	50	47.2068
3.68	50	47.2068
3.69	50	47.2068
3.7	50	47.2068
3.71	50	47.2068
3.72	50	47.2068
3.73	50	47.2068
3.74	50	47.2068
3.75	50	47.2068
3.76	50	47.2068
3.77	50	47.2068
3.78	50	47.2068
3.79	50	47.2068
3.8	50	47.2068
3.81	50	47.2068
3.82	50	47.2068
3.83	50	47.2068
3.84	50	47.2068
3.85	50	47.2068
3.86	50	47.2068
3.87	50	47.2068
3.88	50	47.2068
3.89	50	47.2068
3.9	50	47.2068
3.91	50	47.2068
3.92	50	47.2068
3.93	50	47.2068
3.94	50	47.2068
3.95	50	47.2068
3.96	50	47.2068
3.97	50	47.2068
3.98	50	47.2068
3.99	50	47.2068
4	50	47.2068
4.01	50	47.2068
4.02	50	47.2068
4.03	50	47.2068
4.04	50	47.2068
4.05	50	47.2068
4.06	50	47.2068
4.07	50	47.2068
4.08	50	47.2068
4.09	50	47.2068
4.1	50	47.2068
4.11	50	47.2068
4.12	50	47.2068
4.13	50	47.2068
4.14	50	47.2068
4.15	50	47.2068
4.16	50	47.2068
4.17	50	47.2068
4.18	50	47.2068
4.19	50	47.2068
4.2	50	47.2068
4.21	50	47.2068
4.22	50	47.2068
4.23	50	47.2068
4.24	50	47.2068
4.25	50	47.2068
4.26	50	47.2068
4.27	50	47.2068
4.28	50	47.2068
4.29	50	47.2068
4.3	50	47.2068
4.31	50	47.2068
4.32	50	47.2068
4.33	50	47.2068
4.34	50	47.2068
4.35	50	47.2068
4.36	50	47.2068
4.37	50	47.2068
4.38	50	47.2068
4.39	50	47.2068
4.4	50	47.2068
4.41	50	47.2068
4.42	50	47.2068
4.43	50	47.2068
4.44	50	47.2068
4.45	50	47.2068
4.46	50	47.2068
4.47	50	47.2068
4.48	50	47.2068
4.49	50	47.2068
4.5	50	47.2068
4.51	50	47.2068
4.52	50	47.2068
4.53	50	47.2068
4.54	50	47.2068
4.55	50	47.2068
4.56	50	47.2068
4.57	50	47.2068
4.58	50	47.2068
4.59	50	47.2068
4.6	50	47.2068
4.61	50	47.2068
4.62	50	47.2068
4.63	50	47.2068
4.64	50	47.2068
4.65	50	47.2068
4.66	50	47.2068
4.67	50	47.2068
4.68	50	47.2068
4.69	50	47.2068
4.7	50	47.2068
4.71	50	47.2068
4.72	50	47.2068
4.73	50	47.2068
4.74	50	47.2068
4.75	50	47.2068
4.76	50	47.2068
4.77	50	47.2068
4.78	50	47.2068
4.79	50	47.2068
4.8	50	47.2068
4.81	50	47.2068
4.82	50	47.2068
4.83	50	47.2068
4.84	50	47.2068
4.85	50	47.2068
4.86	50	47.2068
4.87	50	47.2068
4.88	50	47.2068
4.89	50	47.2068
4.9	50	47.2068
4.91	50	47.2068
4.92	50	47.2068
4.93	50	47.2068
4.94	50	47.2068
4.95	50	47.2068
4.96	50	47.2068
4.97	50	47.2068
4.98	50	47.2068
4.99	50	47.2068
5	50	47.2068
5.01	50	47.2068
5.02	50	47.2068
5.03	50	47.2068
5.04	50	47.2068
5.05	50	47.2068
5.06	50	47.2068
5.07	50	47.2068
5.08	50	47.2068
5.09	50	47.2068
5.1	50	47.2068
5.11	50	47.2068
5.12	50	47.2068
5.13	50	47.2068
5.14	50	47.2068
5.15	50	47.2068
5.16	50	47.2068
5.17	50	47.2068
5.18	50	47.2068
5.19	50	47.2068
5.2	50	47.2068
5.21	50	47.2068
5.22	50	47.2068
5.23	50	47.2068
5.24	50	47.2068
5.25	50	47.2068
5.26	50	47.2068
5.27	50	47.2068
5.28	50	47.2068
5.29	50	47.2068
5.3	50	47.2068
5.31	50	47.2068
5.32	50	47.2068
5.33	50	47.2068
5.34	50	47.2068
5.35	50	47.2068
5.36	50	47.2068
5.37	50	47.2068
5.38	50	47.2068
5.39	50	47.2068
5.4	50	47.2068
5.41	50	47.2068
5.42	50	47.2068
5.43	50	47.2068
5.44	50	47.2068
5.45	50	47.2068
5.46	50	47.2068
5.47	50	47.2068
5.48	50	47.2068
5.49	50	47.2068
5.5	50	47.2068
5.51	50	47.2068
5.52	50	47.2068
5.53	50	47.2068
5.54	50	47.2068
5.55	50	47.2068
5.56	50	47.2068
5.57	50	47.2068
5.58	50	47.2068
5.59	50	47.2068
5.6	50	47.2068
5.61	50	47.2068
5.62	50	47.2068
5.63	50	47.2068
5.64	50	47.2068
5.65	50	47.2068
5.66	50	47.2068
5.67	50	47.2068
5.68	50	47.2068
5.69	50	47.2068
5.7	50	47.2068
5.71	50	47.2068
5.72	50	47.2068
5.73	50	47.2068
5.74	50	47.2068
5.75	50	47.2068
5.76	50	47.2068
5.77	50	47.2068
5.78	50	47.2068
5.79	50	47.2068
5.8	50	47.2068
5.81	50	47.2068
5.82	50	47.2068
5.83	50	47.2068
5.84	50	47.2068
5.85	50	47.2068
5.86	50	47.2068
5.87	50	47.2068
5.88	50	47.2068
5.89	50	47.2068
5.9	50	47.2068
5.91	50	47.2068
5.92	50	47.2068
5.93	50	47.2068
5.94	50	47.2068
5.95	50	47.2068
5.96	50	47.2068
5.97	50	47.2068
5.98	50	47.2068
5.99	50	47.2068
6	50	47.2068
6.01	50	47.2068
6.02	50	47.2068
6.03	50	47.2068
6.04	50	47.2068
6.05	50	47.2068
6.06	50	47.2068
6.07	50	47.2068
6.08	50	47.2068
6.09	50	47.2068
6.1	50	47.2068
6.11	50	47.2068
6.12	50	47.2068
6.13	50	47.2068
6.14	50	47.2068
6.15	50	47.2068
6.16	50	47.2068
6.17	50	47.2068
6.18	50	47.2068
6.19	50	47.2068
6.2	50	47.2068
6.21	50	47.2068
6.22	50	47.2068
6.23	50	47.2068
6.24	50	47.2068
6.25	50	47.2068
6.26	50	47.2068
6.27	50	47.2068
6.28	50	47.2068
6.29	50	47.2068
6.3	50	47.2068
6.31	50	47.2068
6.32	50	47.2068
6.33	50	47.2068
6.34	50	47.2068
6.35	50	47.2068
6.36	50	47.2068
6.37	50	47.2068
6.38	50	47.2068
6.39	50	47.2068
6.4	50	47.2068
6.41	50	47.2068
6.42	50	47.2068
6.43	50	47.2068
6.44	50	47.2068
6.45	50	47.2068
6.46	50	47.2068
6.47	50	47.2068
6.48	50	47.2068
6.49	50	47.2068
6.5	50	47.2068
6.51	50	47.2068
6.52	50	47.2068
6.53	50	47.2068
6.54	50	47.2068
6.55	50	47.2068
6.56	50	47.2068
6.57	50	47.2068
6.58	50	47.2068
6.59	50	47.2068
6.6	50	47.2068
6.61	50	47.2068
6.62	50	47.2068
6.63	50	47.2068
6.64	50	47.2068
6.65	50	47.2068
6.66	50	47.2068
6.67	50	47.2068
6.68	50	47.2068
6.69	50	47.2068
6.7	50	47.2068
6.71	50	47.2068
6.72	50	47.2068
6.73	50	47.2068
6.74	50	47.2068
6.75	50	47.2068
6.76	50	47.2068
6.77	50	47.2068
6.78	50	47.2068
6.79	50	47.2068
6.8	50	47.2068
6.81	50	47.2068
6.82	50	47.2068
6.83	50	47.2068
6.84	50	47.2068
6.85	50	47.2068
6.86	50	47.2068
6.87	50	47.2068
6.88	50	47.2068
6.89	50	47.2068
6.9	50	47.2068
6.91	50	47.2068
6.92	50	47.2068
6.93	50	47.2068
6.94	50	47.2068
6.95	50	47.2068
6.96	50	47.2068
6.97	50	47.2068
6.98	50	47.2068
6.99	50	47.2068
7	50	47.2068
7.01	50	47.2068
7.02	50	47.2068
7.03	50	47.2068
7.04	50	47.2068
7.05	50	47.2068
7.06	50	47.2068
7.07	50	47.2068
7.08	50	47.2068
7.09	50	47.2068
7.1	50	47.2068
7.11	50	47.2068
7.12	50	47.2068
7.13	50	47.2068
7.14	50	47.2068
7.15	50	47.2068
7.16	50	47.2068
7.17	50	47.2068
7.18	50	47.2068
7.19	50	47.2068
7.2	50	47.2068
7.21	50	47.2068
7.22	50	47.2068
7.23	50	47.2068
7.24	50	47.2068
7.25	50	47.2068
7.26	50	47.2068
7.27	50	47.2068
7.28	50	47.2068
7.29	50	47.2068
7.3	50	47.2068
7.31	50	47.2068
7.32	50	47.2068
7.33	50	47.2068
7.34	50	47.2068
7.35	50	47.2068
7.36	50	47.2068
7.37	50	47.2068
7.38	50	47.2068
7.39	50	47.2068
7.4	50	47.2068
7.41	50	47.2068
7.42	50	47.2068
7.43	50	47.2068
7.44	50	47.2068
7.45	50	47.2068
7.46	50	47.2068
7.47	50	47.2068
7.48	50	47.2068
7.49	50	47.2068
7.5	50	47.2068
7.51	50	47.2068
7.52	50	47.2068
7.53	50	47.2068
7.54	50	47.2068
7.55	50	47.2068
7.56	50	47.2068
7.57	50	47.2068
7.58	50	47.2068
7.59	50	47.2068
7.6	50	47.2068
7.61	50	47.2068
7.62	50	47.2068
7.63	50	47.2068
7.64	50	47.2068
7.65	50	47.2068
7.66	50	47.2068
7.67	50	47.2068
7.68	50	47.2068
7.69	50	47.2068
7.7	50	47.2068
7.71	50	47.2068
7.72	50	47.2068
7.73	50	47.2068
7.74	50	47.2068
7.75	50	47.2068
7.76	50	47.2068
7.77	50	47.2068
7.78	50	47.2068
7.79	50	47.2068
7.8	50	47.2068
7.81	50	47.2068
7.82	50	47.2068
7.83	50	47.2068
7.84	50	47.2068
7.85	50	47.2068
7.86	50	47.2068
7.87	50	47.2068
7.88	50	47.2068
7.89	50	47.2068
7.9	50	47.2068
7.91	50	47.2068
7.92	50	47.2068
7.93	50	47.2068
7.94	50	47.2068
7.95	50	47.2068
7.96	50	47.2068
7.97	50	47.2068
7.98	50	47.2068
7.99	50	47.2068
8	50	47.2068
8.01	50	47.2068
8.02	50	47.2068
8.03	50	47.2068
8.04	50	47.2068
8.05	50	47.2068
8.06	50	47.2068
8.07	50	47.2068
8.08	50	47.2068
8.09	50	47.2068
8.1	50	47.2068
8.11	50	47.2068
8.12	50	47.2068
8.13	50	47.2068
8.14	50	47.2068
8.15	50	47.2068
8.16	50	47.2068
8.17	50	47.2068
8.18	50	47.2068
8.19	50	47.2068
8.2	50	47.2068
8.21	50	47.2068
8.22	50	47.2068
8.23	50	47.2068
8.24	50	47.2068
8.25	50	47.2068
8.26	50	47.2068
8.27	50	47.2068
8.28	50	47.2068
8.29	50	47.2068
8.3	50	47.2068
8.31	50	47.2068
8.32	50	47.2068
8.33	50	47.2068
8.34	50	47.2068
8.35	50	47.2068
8.36	50	47.2068
8.37	50	47.2068
8.38	50	47.2068
8.39	50	47.2068
8.4	50	47.2068
8.41	50	47.2068
8.42	50	47.2068
8.43	50	47.2068
8.44	50	47.2068
8.45	50	47.2068
8.46	50	47.2068
8.47	50	47.2068
8.48	50	47.2068
8.49	50	47.2068
8.5	50	47.2068
8.51	50	47.2068
8.52	50	47.2068
8.53	50	47.2068
8.54	50	47.2068
8.55	50	47.2068
8.56	50	47.2068
8.57	50	47.2068
8.58	50	47.2068
8.59	50	47.2068
8.6	50	47.2068
8.61	50	47.2068
8.62	50	47.2068
8.63	50	47.2068
8.64	50	47.2068
8.65	50	47.2068
8.66	50	47.2068
8.67	50	47.2068
8.68	50	47.2068
8.69	50	47.2068
8.7	50	47.2068
8.71	50	47.2068
8.72	50	47.2068
8.73	50	47.2068
8.74	50	47.2068
8.75	50	47.2068
8.76	50	47.2068
8.77	50	47.2068
8.78	50	47.2068
8.79	50	47.2068
8.8	50	47.2068
8.81	50	47.2068
8.82	50	47.2068
8.83	50	47.2068
8.84	50	47.2068
8.85	50	47.2068
8.86	50	47.2068
8.87	50	47.2068
8.88	50	47.2068
8.89	50	47.2068
8.9	50	47.2068
8.91	50	47.2068
8.92	50	47.2068
8.93	50	47.2068
8.94	50	47.2068
8.95	50	47.2068
8.96	50	47.2068
8.97	50	47.2068
8.98	50	47.2068
8.99	50	47.2068
9	50	47.2068
9.01	50	47.2068
9.02	50	47.2068
9.03	50	47.2068
9.04	50	47.2068
9.05	50	47.2068
9.06	50	47.2068
9.07	50	47.2068
9.08	50	47.2068
9.09	50	47.2068
9.1	50	47.2068
9.11	50	47.2068
9.12	50	47.2068
9.13	50	47.2068
9.14	50	47.2068
9.15	50	47.2068
9.16	50	47.2068
9.17	50	47.2068
9.18	50	47.2068
9.19	50	47.2068
9.2	50	47.2068
9.21	50	47.2068
9.22	50	47.2068
9.23	50	47.2068
9.24	50	47.2068
9.25	50	47.2068
9.26	50	47.2068
9.27	50	47.2068
9.28	50	47.2068
9.29	50	47.2068
9.3	50	47.2068
9.31	50	47.2068
9.32	50	47.2068
9.33	50	47.2068
9.34	50	47.2068
9.35	50	47.2068
9.36	50	47.2068
9.37	50	47.2068
9.38	50	47.2068
9.39	50	47.2068
9.4	50	47.2068
9.41	50	47.2068
9.42	50	47.2068
9.43	50	47.2068
9.44	50	47.2068
9.45	50	47.2068
9.46	50	47.2068
9.47	50	47.2068
9.48	50	47.2068
9.49	50	47.2068
9.5	50	47.2068
9.51	50	47.2068
9.52	50	47.2068
9.53	50	47.2068
9.54	50	47.2068
9.55	50	47.2068
9.56	50	47.2068
9.57	50	47.2068
9.58	50	47.2068
9.59	50	47.2068
9.6	50	47.2068
9.61	50	47.2068
9.62	50	47.2068
9.63	50	47.2068
9.64	50	47.2068
9.65	50	47.2068
9.66	50	47.2068
9.67	50	47.2068
9.68	50	47.2068
9.69	50	47.2068
9.7	50	47.2068
9.71	50	47.2068
9.72	50	47.2068
9.73	50	47.2068
9.74	50	47.2068
9.75	50	47.2068
9.76	50	47.2068
9.77	50	47.2068
9.78	50	47.2068
9.79	50	47.2068
9.8	50	47.2068
9.81	50	47.2068
9.82	50	47.2068
9.83	50	47.2068
9.84	50	47.2068
9.85	50	47.2068
9.86	50	47.2068
9.87	50	47.2068
9.88	50	47.2068
9.89	50	47.2068
9.9	50	47.2068
9.91	50	47.2068
9.92	50	47.2068
9.93	50	47.2068
9.94	50	47.2068
9.95	50	47.2068
9.96	50	47.2068
9.97	50	47.2068
9.98	50	47.2068
9.99	50	47.2068
10	50	47.2068
10.01	50	47.2068
10.02	50	47.2068
10.03	50	47.2068
10.04	50	47.2068
10.05	50	47.2068
10.06	50	47.2068
10.07	50	47.2068
10.08	50	47.2068
10.09	50	47.2068
10.1	50	47.2068
10.11	50	47.2068
10.12	50	47.2068
10.13	50	47.2068
10.14	50	47.2068
10.15	50	47.2068
10.16	50	47.2068
10.17	50	47.2068
10.18	50	47.2068
10.19	50	47.2068
10.2	50	47.2068
10.21	50	47.2068
10.22	50	47.2068
10.23	50	47.2068
10.24	50	47.2068
10.25	50	47.2068
10.26	50	47.2068
10.27	50	47.2068
10.28	50	47.2068
10.29	50	47.2068
10.3	50	47.2068
10.31	50	47.2068
10.32	50	47.2068
10.33	50	47.2068
10.34	50	47.2068
10.35	50	47.2068
10.36	50	47.2068
10.37	50	47.2068
10.38	50	47.2068
10.39	50	47.2068
10.4	50	47.2068
10.41	50	47.2068
10.42	50	47.2068
10.43	50	47.2068
10.44	50	47.2068
10.45	50	47.2068
10.46	50	47.2068
10.47	50	47.2068
10.48	50	47.2068
10.49	50	47.2068
10.5	50	47.2068
10.51	50	47.2068
10.52	50	47.2068
10.53	50	47.2068
10.54	50	47.2068
10.55	50	47.2068
10.56	50	47.2068
10.57	50	47.2068
10.58	50	47.2068
10.59	50	47.2068
10.6	50	47.2068
10.61	50	47.2068
10.62	50	47.2068
10.63	50	47.2068
10.64	50	47.2068
10.65	50	47.2068
10.66	50	47.2068
10.67	50	47.2068
10.68	50	47.2068
10.69	50	47.2068
10.7	50	47.2068
10.71	50	47.2068
10.72	50	47.2068
10.73	50	47.2068
10.74	50	47.2068
10.75	50	47.2068
10.76	50	47.2068
10.77	50	47.2068
10.78	50	47.2068
10.79	50	47.2068
10.8	50	47.2068
10.81	50	47.2068
10.82	50	47.2068
10.83	50	47.2068
10.84	50	47.2068
10.85	50	47.2068
10.86	50	47.2068
10.87	50	47.2068
10.88	50	47.2068
10.89	50	47.2068
10.9	50	47.2068
10.91	50	47.2068
10.92	50	47.2068
10.93	50	47.2068
10.94	50	47.2068
10.95	50	47.2068
10.96	50	47.2068
10.97	50	47.2068
10.98	50	47.2068
10.99	50	47.2068
11	50	47.2068
11.01	50	47.2068
11.02	50	47.2068
11.03	50	47.2068
11.04	50	47.2068
11.05	50	47.2068
11.06	50	47.2068
11.07	50	47.2068
11.08	50	47.2068
11.09	50	47.2068
11.1	50	47.2068
11.11	50	47.2068
11.12	50	47.2068
11.13	50	47.2068
11.14	50	47.2068
11.15	50	47.2068
11.16	50	47.2068
11.17	50	47.2068
11.18	50	47.2068
11.19	50	47.2068
11.2	50	47.2068
11.21	50	47.2068
11.22	50	47.2068
11.23	50	47.2068
11.24	50	47.2068
11.25	50	47.2068
11.26	50	47.2068
11.27	50	47.2068
11.28	50	47.2068
11.29	50	47.2068
11.3	50	47.2068
11.31	50	47.2068
11.32	50	47.2068
11.33	50	47.2068
11.34	50	47.2068
11.35	50	47.2068
11.36	50	47.2068
11.37	50	47.2068
11.38	50	47.2068
11.39	50	47.2068
11.4	50	47.2068
11.41	50	47.2068
11.42	50	47.2068
11.43	50	47.2068
11.44	50	47.2068
11.45	50	47.2068
11.46	50	47.2068
11.47	50	47.2068
11.48	50	47.2068
11.49	50	47.2068
11.5	50	47.2068
11.51	50	47.2068
11.52	50	47.2068
11.53	50	47.2068
11.54	50	47.2068
11.55	50	47.2068
11.56	50	47.2068
11.57	50	47.2068
11.58	50	47.2068
11.59	50	47.2068
11.6	50	47.2068
11.61	50	47.2068
11.62	50	47.2068
11.63	50	47.2068
11.64	50	47.2068
11.65	50	47.2068
11.66	50	47.2068
11.67	50	47.2068
11.68	50	47.2068
11.69	50	47.2068
11.7	50	47.2068
11.71	50	47.2068
11.72	50	47.2068
11.73	50	47.2068
11.74	50	47.2068
11.75	50	47.2068
11.76	50	47.2068
11.77	50	47.2068
11.78	50	47.2068
11.79	50	47.2068
11.8	50	47.2068
11.81	50	47.2068
11.82	50	47.2068
11.83	50	47.2068
11.84	50	47.2068
11.85	50	47.2068
11.86	50	47.2068
11.87	50	47.2068
11.88	50	47.2068
11.89	50	47.2068
11.9	50	47.2068
11.91	50	47.2068
11.92	50	47.2068
11.93	50	47.2068
11.94	50	47.2068
11.95	50	47.2068
11.96	50	47.2068
11.97	50	47.2068
11.98	50	47.2068
11.99	50	47.2068
12	50	47.2068
12.01	50	47.2068
12.02	50	47.2068
12.03	50	47.2068
12.04	50	47.2068
12.05	50	47.2068
12.06	50	47.2068
12.07	50	47.2068
12.08	50	47.2068
12.09	50	47.2068
12.1	50	47.2068
12.11	50	47.2068
12.12	50	47.2068
12.13	50	47.2068
12.14	50	47.2068
12.15	50	47.2068
12.16	50	47.2068
12.17	50	47.2068
12.18	50	47.2068
12.19	50	47.2068
12.2	50	47.2068
12.21	50	47.2068
12.22	50	47.2068
12.23	50	47.2068
12.24	50	47.2068
12.25	50	47.2068
12.26	50	47.2068
12.27	50	47.2068
12.28	50	47.2068
12.29	50	47.2068
12.3	50	47.2068
12.31	50	47.2068
12.32	50	47.2068
12.33	50	47.2068
12.34	50	47.2068
12.35	50	47.2068
12.36	50	47.2068
12.37	50	47.2068
12.38	50	47.2068
12.39	50	47.2068
12.4	50	47.2068
12.41	50	47.2068
12.42	50	47.2068
12.43	50	47.2068
12.44	50	47.2068
12.45	50	47.2068
12.46	50	47.2068
12.47	50	47.2068
12.48	50	47.2068
12.49	50	47.2068
12.5	50	47.2068
12.51	50	47.2068
12.52	50	47.2068
12.53	50	47.2068
12.54	50	47.2068
12.55	50	47.2068
12.56	50	47.2068
12.57	50	47.2068
12.58	50	47.2068
12.59	50	47.2068
12.6	50	47.2068
12.61	50	47.2068
12.62	50	47.2068
12.63	50	47.2068
12.64	50	47.2068
12.65	50	47.2068
12.66	50	47.2068
12.67	50	47.2068
12.68	50	47.2068
12.69	50	47.2068
12.7	50	47.2068
12.71	50	47.2068
12.72	50	47.2068
12.73	50	47.2068
12.74	50	47.2068
12.75	50	47.2068
12.76	50	47.2068
12.77	50	47.2068
12.78	50	47.2068
12.79	50	47.2068
12.8	50	47.2068
12.81	50	47.2068
12.82	50	47.2068
12.83	50	47.2068
12.84	50	47.2068
12.85	50	47.2068
12.86	50	47.2068
12.87	50	47.2068
12.88	50	47.2068
12.89	50	47.2068
12.9	50	47.2068
12.91	50	47.2068
12.92	50	47.2068
12.93	50	47.2068
12.94	50	47.2068
12.95	50	47.2068
12.96	50	47.2068
12.97	50	47.2068
12.98	50	47.2068
12.99	50	47.2068
13	50	47.2068
13.01	50	47.2068
13.02	50	47.2068
13.03	50	47.2068
13.04	50	47.2068
13.05	50	47.2068
13.06	50	47.2068
13.07	50	47.2068
13.08	50	47.2068
13.09	50	47.2068
13.1	50	47.2068
13.11	50	47.2068
13.12	50	47.2068
13.13	50	47.2068
13.14	50	47.2068
13.15	50	47.2068
13.16	50	47.2068
13.17	50	47.2068
13.18	50	47.2068
13.19	50	47.2068
13.2	50	47.2068
13.21	50	47.2068
13.22	50	47.2068
13.23	50	47.2068
13.24	50	47.2068
13.25	50	47.2068
13.26	50	47.2068
13.27	50	47.2068
13.28	50	47.2068
13.29	50	47.2068
13.3	50	47.2068
13.31	50	47.2068
13.32	50	47.2068
13.33	50	47.2068
13.34	50	47.2068
13.35	50	47.2068
13.36	50	47.2068
13.37	50	47.2068
13.38	50	47.2068
13.39	50	47.2068
13.4	50	47.2068
13.41	50	47.2068
13.42	50	47.2068
13.43	50	47.2068
13.44	50	47.2068
13.45	50	47.2068
13.46	50	47.2068
13.47	50	47.2068
13.48	50	47.2068
13.49	50	47.2068
13.5	50	47.2068
13.51	50	47.2068
13.52	50	47.2068
13.53	50	47.2068
13.54	50	47.2068
13.55	50	47.2068
13.56	50	47.2068
13.57	50	47.2068
13.58	50	47.2068
13.59	50	47.2068
13.6	50	47.2068
13.61	50	47.2068
13.62	50	47.2068
13.63	50	47.2068
13.64	50	47.2068
13.65	50	47.2068
13.66	50	47.2068
13.67	50	47.2068
13.68	50	47.2068
13.69	50	47.2068
13.7	50	47.2068
13.71	50	47.2068
13.72	50	47.2068
13.73	50	47.2068
13.74	50	47.2068
13.75	50	47.2068
13.76	50	47.2068
13.77	50	47.2068
13.78	50	47.2068
13.79	50	47.2068
13.8	50	47.2068
13.81	50	47.2068
13.82	50	47.2068
13.83	50	47.2068
13.84	50	47.2068
13.85	50	47.2068
13.86	50	47.2068
13.87	50	47.2068
13.88	50	47.2068
13.89	50	47.2068
13.9	50	47.2068
13.91	50	47.2068
13.92	50	47.2068
13.93	50	47.2068
13.94	50	47.2068
13.95	50	47.2068
13.96	50	47.2068
13.97	50	47.2068
13.98	50	47.2068
13.99	50	47.2068
14	50	47.2068
14.01	50	47.2068
14.02	50	47.2068
14.03	50	47.2068
14.04	50	47.2068
14.05	50	47.2068
14.06	50	47.2068
14.07	50	47.2068
14.08	50	47.2068
14.09	50	47.2068
14.1	50	47.2068
14.11	50	47.2068
14.12	50	47.2068
14.13	50	47.2068
14.14	50	47.2068
14.15	50	47.2068
14.16	50	47.2068
14.17	50	47.2068
14.18	50	47.2068
14.19	50	47.2068
14.2	50	47.2068
14.21	50	47.2068
14.22	50	47.2068
14.23	50	47.2068
14.24	50	47.2068
14.25	50	47.2068
14.26	50	47.2068
14.27	50	47.2068
14.28	50	47.2068
14.29	50	47.2068
14.3	50	47.2068
14.31	50	47.2068
14.32	50	47.2068
14.33	50	47.2068
14.34	50	47.2068
14.35	50	47.2068
14.36	50	47.2068
14.37	50	47.2068
14.38	50	47.2068
14.39	50	47.2068
14.4	50	47.2068
14.41	50	47.2068
14.42	50	47.2068
14.43	50	47.2068
14.44	50	47.2068
14.45	50	47.2068
14.46	50	47.2068
14.47	50	47.2068
14.48	50	47.2068
14.49	50	47.2068
14.5	50	47.2068
14.51	50	47.2068
14.52	50	47.2068
14.53	50	47.2068
14.54	50	47.2068
14.55	50	47.2068
14.56	50	47.2068
14.57	50	47.2068
14.58	50	47.2068
14.59	50	47.2068
14.6	50	47.2068
14.61	50	47.2068
14.62	50	47.2068
14.63	50	47.2068
14.64	50	47.2068
14.65	50	47.2068
14.66	50	47.2068
14.67	50	47.2068
14.68	50	47.2068
14.69	50	47.2068
14.7	50	47.2068
14.71	50	47.2068
14.72	50	47.2068
14.73	50	47.2068
14.74	50	47.2068
14.75	50	47.2068
14.76	50	47.2068
14.77	50	47.2068
14.78	50	47.2068
14.79	50	47.2068
14.8	50	47.2068
14.81	50	47.2068
14.82	50	47.2068
14.83	50	47.2068
14.84	50	47.2068
14.85	50	47.2068
14.86	50	47.2068
14.87	50	47.2068
14.88	50	47.2068
14.89	50	47.2068
14.9	50	47.2068
14.91	50	47.2068
14.92	50	47.2068
14.93	50	47.2068
14.94	50	47.2068
14.95	50	47.2068
14.96	50	47.2068
14.97	50	47.2068
14.98	50	47.2068
14.99	50	47.2068
15	50	47.2068
15.01	50	47.2068
15.02	50	47.2068
15.03	50	47.2068
15.04	50	47.2068
15.05	50	47.2068
15.06	50	47.2068
15.07	50	47.2068
15.08	50	47.2068
15.09	50	47.2068
15.1	50	47.2068
15.11	50	47.2068
15.12	50	47.2068
15.13	50	47.2068
15.14	50	47.2068
15.15	50	47.2068
15.16	50	47.2068
15.17	50	47.2068
15.18	50	47.2068
15.19	50	47.2068
15.2	50	47.2068
15.21	50	47.2068
15.22	50	47.2068
15.23	50	47.2068
15.24	50	47.2068
15.25	50	47.2068
15.26	50	47.2068
15.27	50	47.2068
15.28	50	47.2068
15.29	50	47.2068
15.3	50	47.2068
15.31	50	47.2068
15.32	50	47.2068
15.33	50	47.2068
15.34	50	47.2068
15.35	50	47.2068
15.36	50	47.2068
15.37	50	47.2068
15.38	50	47.2068
15.39	50	47.2068
15.4	50	47.2068
15.41	50	47.2068
15.42	50	47.2068
15.43	50	47.2068
15.44	50	47.2068
15.45	50	47.2068
15.46	50	47.2068
15.47	50	47.2068
15.48	50	47.2068
15.49	50	47.2068
15.5	50	47.2068
15.51	50	47.2068
15.52	50	47.2068
15.53	50	47.2068
15.54	50	47.2068
15.55	50	47.2068
15.56	50	47.2068
15.57	50	47.2068
15.58	50	47.2068
15.59	50	47.2068
15.6	50	47.2068
15.61	50	47.2068
15.62	50	47.2068
15.63	50	47.2068
15.64	50	47.2068
15.65	50	47.2068
15.66	50	47.2068
15.67	50	47.2068
15.68	50	47.2068
15.69	50	47.2068
15.7	50	47.2068
15.71	50	47.2068
15.72	50	47.2068
15.73	50	47.2068
15.74	50	47.2068
15.75	50	47.2068
15.76	50	47.2068
15.77	50	47.2068
15.78	50	47.2068
15.79	50	47.2068
15.8	50	47.2068
15.81	50	47.2068
15.82	50	47.2068
15.83	50	47.2068
15.84	50	47.2068
15.85	50	47.2068
15.86	50	47.2068
15.87	50	47.2068
15.88	50	47.2068
15.89	50	47.2068
15.9	50	47.2068
15.91	50	47.2068
15.92	50	47.2068
15.93	50	47.2068
15.94	50	47.2068
15.95	50	47.2068
15.96	50	47.2068
15.97	50	47.2068
15.98	50	47.2068
15.99	50	47.2068
16	50	47.2068
16.01	50	47.2068
16.02	50	47.2068
16.03	50	47.2068
16.04	50	47.2068
16.05	50	47.2068
16.06	50	47.2068
16.07	50	47.2068
16.08	50	47.2068
16.09	50	47.2068
16.1	50	47.2068
16.11	50	47.2068
16.12	50	47.2068
16.13	50	47.2068
16.14	50	47.2068
16.15	50	47.2068
16.16	50	47.2068
16.17	50	47.2068
16.18	50	47.2068
16.19	50	47.2068
16.2	50	47.2068
16.21	50	47.2068
16.22	50	47.2068
16.23	50	47.2068
16.24	50	47.2068
16.25	50	47.2068
16.26	50	47.2068
16.27	50	47.2068
16.28	50	47.2068
16.29	50	47.2068
16.3	50	47.2068
16.31	50	47.2068
16.32	50	47.2068
16.33	50	47.2068
16.34	50	47.2068
16.35	50	47.2068
16.36	50	47.2068
16.37	50	47.2068
16.38	50	47.2068
16.39	50	47.2068
16.4	50	47.2068
16.41	50	47.2068
16.42	50	47.2068
16.43	50	47.2068
16.44	50	47.2068
16.45	50	47.2068
16.46	50	47.2068
16.47	50	47.2068
16.48	50	47.2068
16.49	50	47.2068
16.5	50	47.2068
16.51	50	47.2068
16.52	50	47.2068
16.53	50	47.2068
16.54	50	47.2068
16.55	50	47.2068
16.56	50	47.2068
16.57	50	47.2068
16.58	50	47.2068
16.59	50	47.2068
16.6	50	47.2068
16.61	50	47.2068
16.62	50	47.2068
16.63	50	47.2068
16.64	50	47.2068
16.65	50	47.2068
16.66	50	47.2068
16.67	50	47.2068
16.68	50	47.2068
16.69	50	47.2068
16.7	50	47.2068
16.71	50	47.2068
16.72	50	47.2068
16.73	50	47.2068
16.74	50	47.2068
16.75	50	47.2068
16.76	50	47.2068
16.77	50	47.2068
16.78	50	47.2068
16.79	50	47.2068
16.8	50	47.2068
16.81	50	47.2068
16.82	50	47.2068
16.83	50	47.2068
16.84	50	47.2068
16.85	50	47.2068
16.86	50	47.2068
16.87	50	47.2068
16.88	50	47.2068
16.89	50	47.2068
16.9	50	47.2068
16.91	50	47.2068
16.92	50	47.2068
16.93	50	47.2068
16.94	50	47.2068
16.95	50	47.2068
16.96	50	47.2068
16.97	50	47.2068
16.98	50	47.2068
16.99	50	47.2068
17	50	47.2068
17.01	50	47.2068
17.02	50	47.2068
17.03	50	47.2068
17.04	50	47.2068
17.05	50	47.2068
17.06	50	47.2068
17.07	50	47.2068
17.08	50	47.2068
17.09	50	47.2068
17.1	50	47.2068
17.11	50	47.2068
17.12	50	47.2068
17.13	50	47.2068
17.14	50	47.2068
17.15	50	47.2068
17.16	50	47.2068
17.17	50	47.2068
17.18	50	47.2068
17.19	50	47.2068
17.2	50	47.2068
17.21	50	47.2068
17.22	50	47.2068
17.23	50	47.2068
17.24	50	47.2068
17.25	50	47.2068
17.26	50	47.2068
17.27	50	47.2068
17.28	50	47.2068
17.29	50	47.2068
17.3	50	47.2068
17.31	50	47.2068
17.32	50	47.2068
17.33	50	47.2068
17.34	50	47.2068
17.35	50	47.2068
17.36	50	47.2068
17.37	50	47.2068
17.38	50	47.2068
17.39	50	47.2068
17.4	50	47.2068
17.41	50	47.2068
17.42	50	47.2068
17.43	50	47.2068
17.44	50	47.2068
17.45	50	47.2068
17.46	50	47.2068
17.47	50	47.2068
17.48	50	47.2068
17.49	50	47.2068
17.5	50	47.2068
17.51	50	47.2068
17.52	50	47.2068
17.53	50	47.2068
17.54	50	47.2068
17.55	50	47.2068
17.56	50	47.2068
17.57	50	47.2068
17.58	50	47.2068
17.59	50	47.2068
17.6	50	47.2068
17.61	50	47.2068
17.62	50	47.2068
17.63	50	47.2068
17.64	50	47.2068
17.65	50	47.2068
17.66	50	47.2068
17.67	50	47.2068
17.68	50	47.2068
17.69	50	47.2068
17.7	50	47.2068
17.71	50	47.2068
17.72	50	47.2068
17.73	50	47.2068
17.74	50	47.2068
17.75	50	47.2068
17.76	50	47.2068
17.77	50	47.2068
17.78	50	47.2068
17.79	50	47.2068
17.8	50	47.2068
17.81	50	47.2068
17.82	50	47.2068
17.83	50	47.2068
17.84	50	47.2068
17.85	50	47.2068
17.86	50	47.2068
17.87	50	47.2068
17.88	50	47.2068
17.89	50	47.2068
17.9	50	47.2068
17.91	50	47.2068
17.92	50	47.2068
17.93	50	47.2068
17.94	50	47.2068
17.95	50	47.2068
17.96	50	47.2068
17.97	50	47.2068
17.98	50	47.2068
17.99	50	47.2068
18	50	47.2068
18.01	50	47.2068
18.02	50	47.2068
18.03	50	47.2068
18.04	50	47.2068
18.05	50	47.2068
18.06	50	47.2068
18.07	50	47.2068
18.08	50	47.2068
18.09	50	47.2068
18.1	50	47.2068
18.11	50	47.2068
18.12	50	47.2068
18.13	50	47.2068
18.14	50	47.2068
18.15	50	47.2068
18.16	50	47.2068
18.17	50	47.2068
18.18	50	47.2068
18.19	50	47.2068
18.2	50	47.2068
18.21	50	47.2068
18.22	50	47.2068
18.23	50	47.2068
18.24	50	47.2068
18.25	50	47.2068
18.26	50	47.2068
18.27	50	47.2068
18.28	50	47.2068
18.29	50	47.2068
18.3	50	47.2068
18.31	50	47.2068
18.32	50	47.2068
18.33	50	47.2068
18.34	50	47.2068
18.35	50	47.2068
18.36	50	47.2068
18.37	50	47.2068
18.38	50	47.2068
18.39	50	47.2068
18.4	50	47.2068
18.41	50	47.2068
18.42	50	47.2068
18.43	50	47.2068
18.44	50	47.2068
18.45	50	47.2068
18.46	50	47.2068
18.47	50	47.2068
18.48	50	47.2068
18.49	50	47.2068
18.5	50	47.2068
18.51	50	47.2068
18.52	50	47.2068
18.53	50	47.2068
18.54	50	47.2068
18.55	50	47.2068
18.56	50	47.2068
18.57	50	47.2068
18.58	50	47.2068
18.59	50	47.2068
18.6	50	47.2068
18.61	50	47.2068
18.62	50	47.2068
18.63	50	47.2068
18.64	50	47.2068
18.65	50	47.2068
18.66	50	47.2068
18.67	50	47.2068
18.68	50	47.2068
18.69	50	47.2068
18.7	50	47.2068
18.71	50	47.2068
18.72	50	47.2068
18.73	50	47.2068
18.74	50	47.2068
18.75	50	47.2068
18.76	50	47.2068
18.77	50	47.2068
18.78	50	47.2068
18.79	50	47.2068
18.8	50	47.2068
18.81	50	47.2068
18.82	50	47.2068
18.83	50	47.2068
18.84	50	47.2068
18.85	50	47.2068
18.86	50	47.2068
18.87	50	47.2068
18.88	50	47.2068
18.89	50	47.2068
18.9	50	47.2068
18.91	50	47.2068
18.92	50	47.2068
18.93	50	47.2068
18.94	50	47.2068
18.95	50	47.2068
18.96	50	47.2068
18.97	50	47.2068
18.98	50	47.2068
18.99	50	47.2068
19	50	47.2068
19.01	50	47.2068
19.02	50	47.2068
19.03	50	47.2068
19.04	50	47.2068
19.05	50	47.2068
19.06	50	47.2068
19.07	50	47.2068
19.08	50	47.2068
19.09	50	47.2068
19.1	50	47.2068
19.11	50	47.2068
19.12	50	47.2068
19.13	50	47.2068
19.14	50	47.2068
19.15	50	47.2068
19.16	50	47.2068
19.17	50	47.2068
19.18	50	47.2068
19.19	50	47.2068
19.2	50	47.2068
19.21	50	47.2068
19.22	50	47.2068
19.23	50	47.2068
19.24	50	47.2068
19.25	50	47.2068
19.26	50	47.2068
19.27	50	47.2068
19.28	50	47.2068
19.29	50	47.2068
19.3	50	47.2068
19.31	50	47.2068
19.32	50	47.2068
19.33	50	47.2068
19.34	50	47.2068
19.35	50	47.2068
19.36	50	47.2068
19.37	50	47.2068
19.38	50	47.2068
19.39	50	47.2068
19.4	50	47.2068
19.41	50	47.2068
19.42	50	47.2068
19.43	50	47.2068
19.44	50	47.2068
19.45	50	47.2068
19.46	50	47.2068
19.47	50	47.2068
19.48	50	47.2068
19.49	50	47.2068
19.5	50	47.2068
19.51	50	47.2068
19.52	50	47.2068
19.53	50	47.2068
19.54	50	47.2068
19.55	50	47.2068
19.56	50	47.2068
19.57	50	47.2068
19.58	50	47.2068
19.59	50	47.2068
19.6	50	47.2068
19.61	50	47.2068
19.62	50	47.2068
19.63	50	47.2068
19.64	50	47.2068
19.65	50	47.2068
19.66	50	47.2068
19.67	50	47.2068
19.68	50	47.2068
19.69	50	47.2068
19.7	50	47.2068
19.71	50	47.2068
19.72	50	47.2068
19.73	50	47.2068
19.74	50	47.2068
19.75	50	47.2068
19.76	50	47.2068
19.77	50	47.2068
19.78	50	47.2068
19.79	50	47.2068
19.8	50	47.2068
19.81	50	47.2068
19.82	50	47.2068
19.83	50	47.2068
19.84	50	47.2068
19.85	50	47.2068
19.86	50	47.2068
19.87	50	47.2068
19.88	50	47.2068
19.89	50	47.2068
19.9	50	47.2068
19.91	50	47.2068
19.92	50	47.2068
19.93	50	47.2068
19.94	50	47.2068
19.95	50	47.2068
19.96	50	47.2068
19.97	50	47.2068
19.98	50	47.2068
19.99	50	47.2068
20	50	47.2068
20.01	50	47.2068
20.02	50	47.2068
20.03	50	47.2068
20.04	50	47.2068
20.05	50	47.2068
20.06	50	47.2068
20.07	50	47.2068
20.08	50	47.2068
20.09	50	47.2068
20.1	50	47.2068
20.11	50	47.2068
20.12	50	47.2068
20.13	50	47.2068
20.14	50	47.2068
20.15	50	47.2068
20.16	50	47.2068
20.17	50	47.2068
20.18	50	47.2068
20.19	50	47.2068
20.2	50	47.2068
20.21	50	47.2068
20.22	50	47.2068
20.23	50	47.2068
20.24	50	47.2068
20.25	50	47.2068
20.26	50	47.2068
20.27	50	47.2068
20.28	50	47.2068
20.29	50	47.2068
20.3	50	47.2068
20.31	50	47.2068
20.32	50	47.2068
20.33	50	47.2068
20.34	50	47.2068
20.35	50	47.2068
20.36	50	47.2068
20.37	50	47.2068
20.38	50	47.2068
20.39	50	47.2068
20.4	50	47.2068
20.41	50	47.2068
20.42	50	47.2068
20.43	50	47.2068
20.44	50	47.2068
20.45	50	47.2068
20.46	50	47.2068
20.47	50	47.2068
20.48	50	47.2068
20.49	50	47.2068
20.5	50	47.2068
20.51	50	47.2068
20.52	50	47.2068
20.53	50	47.2068
20.54	50	47.2068
20.55	50	47.2068
20.56	50	47.2068
20.57	50	47.2068
20.58	50	47.2068
20.59	50	47.2068
20.6	50	47.2068
20.61	50	47.2068
20.62	50	47.2068
20.63	50	47.2068
20.64	50	47.2068
20.65	50	47.2068
20.66	50	47.2068
20.67	50	47.2068
20.68	50	47.2068
20.69	50	47.2068
20.7	50	47.2068
20.71	50	47.2068
20.72	50	47.2068
20.73	50	47.2068
20.74	50	47.2068
20.75	50	47.2068
20.76	50	47.2068
20.77	50	47.2068
20.78	50	47.2068
20.79	50	47.2068
20.8	50	47.2068
20.81	50	47.2068
20.82	50	47.2068
20.83	50	47.2068
20.84	50	47.2068
20.85	50	47.2068
20.86	50	47.2068
20.87	50	47.2068
20.88	50	47.2068
20.89	50	47.2068
20.9	50	47.2068
20.91	50	47.2068
20.92	50	47.2068
20.93	50	47.2068
20.94	50	47.2068
20.95	50	47.2068
20.96	50	47.2068
20.97	50	47.2068
20.98	50	47.2068
20.99	50	47.2068
21	50	47.2068
21.01	50	47.2068
21.02	50	47.2068
21.03	50	47.2068
21.04	50	47.2068
21.05	50	47.2068
21.06	50	47.2068
21.07	50	47.2068
21.08	50	47.2068
21.09	50	47.2068
21.1	50	47.2068
21.11	50	47.2068
21.12	50	47.2068
21.13	50	47.2068
21.14	50	47.2068
21.15	50	47.2068
21.16	50	47.2068
21.17	50	47.2068
21.18	50	47.2068
21.19	50	47.2068
21.2	50	47.2068
21.21	50	47.2068
21.22	50	47.2068
21.23	50	47.2068
21.24	50	47.2068
21.25	50	47.2068
21.26	50	47.2068
21.27	50	47.2068
21.28	50	47.2068
21.29	50	47.2068
21.3	50	47.2068
21.31	50	47.2068
21.32	50	47.2068
21.33	50	47.2068
21.34	50	47.2068
21.35	50	47.2068
21.36	50	47.2068
21.37	50	47.2068
21.38	50	47.2068
21.39	50	47.2068
21.4	50	47.2068
21.41	50	47.2068
21.42	50	47.2068
21.43	50	47.2068
21.44	50	47.2068
21.45	50	47.2068
21.46	50	47.2068
21.47	50	47.2068
21.48	50	47.2068
21.49	50	47.2068
21.5	50	47.2068
21.51	50	47.2068
21.52	50	47.2068
21.53	50	47.2068
21.54	50	47.2068
21.55	50	47.2068
21.56	50	47.2068
21.57	50	47.2068
21.58	50	47.2068
21.59	50	47.2068
21.6	50	47.2068
21.61	50	47.2068
21.62	50	47.2068
21.63	50	47.2068
21.64	50	47.2068
21.65	50	47.2068
21.66	50	47.2068
21.67	50	47.2068
21.68	50	47.2068
21.69	50	47.2068
21.7	50	47.2068
21.71	50	47.2068
21.72	50	47.2068
21.73	50	47.2068
21.74	50	47.2068
21.75	50	47.2068
21.76	50	47.2068
21.77	50	47.2068
21.78	50	47.2068
21.79	50	47.2068
21.8	50	47.2068
21.81	50	47.2068
21.82	50	47.2068
21.83	50	47.2068
21.84	50	47.2068
21.85	50	47.2068
21.86	50	47.2068
21.87	50	47.2068
21.88	50	47.2068
21.89	50	47.2068
21.9	50	47.2068
21.91	50	47.2068
21.92	50	47.2068
21.93	50	47.2068
21.94	50	47.2068
21.95	50	47.2068
21.96	50	47.2068
21.97	50	47.2068
21.98	50	47.2068
21.99	50	47.2068
22	50	47.2068
22.01	50	47.2068
22.02	50	47.2068
22.03	50	47.2068
22.04	50	47.2068
22.05	50	47.2068
22.06	50	47.2068
22.07	50	47.2068
22.08	50	47.2068
22.09	50	47.2068
22.1	50	47.2068
22.11	50	47.2068
22.12	50	47.2068
22.13	50	47.2068
22.14	50	47.2068
22.15	50	47.2068
22.16	50	47.2068
22.17	50	47.2068
22.18	50	47.2068
22.19	50	47.2068
22.2	50	47.2068
22.21	50	47.2068
22.22	50	47.2068
22.23	50	47.2068
22.24	50	47.2068
22.25	50	47.2068
22.26	50	47.2068
22.27	50	47.2068
22.28	50	47.2068
22.29	50	47.2068
22.3	50	47.2068
22.31	50	47.2068
22.32	50	47.2068
22.33	50	47.2068
22.34	50	47.2068
22.35	50	47.2068
22.36	50	47.2068
22.37	50	47.2068
22.38	50	47.2068
22.39	50	47.2068
22.4	50	47.2068
22.41	50	47.2068
22.42	50	47.2068
22.43	50	47.2068
22.44	50	47.2068
22.45	50	47.2068
22.46	50	47.2068
22.47	50	47.2068
22.48	50	47.2068
22.49	50	47.2068
22.5	50	47.2068
22.51	50	47.2068
22.52	50	47.2068
22.53	50	47.2068
22.54	50	47.2068
22.55	50	47.2068
22.56	50	47.2068
22.57	50	47.2068
22.58	50	47.2068
22.59	50	47.2068
22.6	50	47.2068
22.61	50	47.2068
22.62	50	47.2068
22.63	50	47.2068
22.64	50	47.2068
22.65	50	47.2068
22.66	50	47.2068
22.67	50	47.2068
22.68	50	47.2068
22.69	50	47.2068
22.7	50	47.2068
22.71	50	47.2068
22.72	50	47.2068
22.73	50	47.2068
22.74	50	47.2068
22.75	50	47.2068
22.76	50	47.2068
22.77	50	47.2068
22.78	50	47.2068
22.79	50	47.2068
22.8	50	47.2068
22.81	50	47.2068
22.82	50	47.2068
22.83	50	47.2068
22.84	50	47.2068
22.85	50	47.2068
22.86	50	47.2068
22.87	50	47.2068
22.88	50	47.2068
22.89	50	47.2068
22.9	50	47.2068
22.91	50	47.2068
22.92	50	47.2068
22.93	50	47.2068
22.94	50	47.2068
22.95	50	47.2068
22.96	50	47.2068
22.97	50	47.2068
22.98	50	47.2068
22.99	50	47.2068
23	50	47.2068
23.01	50	47.2068
23.02	50	47.2068
23.03	50	47.2068
23.04	50	47.2068
23.05	50	47.2068
23.06	50	47.2068
23.07	50	47.2068
23.08	50	47.2068
23.09	50	47.2068
23.1	50	47.2068
23.11	50	47.2068
23.12	50	47.2068
23.13	50	47.2068
23.14	50	47.2068
23.15	50	47.2068
23.16	50	47.2068
23.17	50	47.2068
23.18	50	47.2068
23.19	50	47.2068
23.2	50	47.2068
23.21	50	47.2068
23.22	50	47.2068
23.23	50	47.2068
23.24	50	47.2068
23.25	50	47.2068
23.26	50	47.2068
23.27	50	47.2068
23.28	50	47.2068
23.29	50	47.2068
23.3	50	47.2068
23.31	50	47.2068
23.32	50	47.2068
23.33	50	47.2068
23.34	50	47.2068
23.35	50	47.2068
23.36	50	47.2068
23.37	50	47.2068
23.38	50	47.2068
23.39	50	47.2068
23.4	50	47.2068
23.41	50	47.2068
23.42	50	47.2068
23.43	50	47.2068
23.44	50	47.2068
23.45	50	47.2068
23.46	50	47.2068
23.47	50	47.2068
23.48	50	47.2068
23.49	50	47.2068
23.5	50	47.2068
23.51	50	47.2068
23.52	50	47.2068
23.53	50	47.2068
23.54	50	47.2068
23.55	50	47.2068
23.56	50	47.2068
23.57	50	47.2068
23.58	50	47.2068
23.59	50	47.2068
23.6	50	47.2068
23.61	50	47.2068
23.62	50	47.2068
23.63	50	47.2068
23.64	50	47.2068
23.65	50	47.2068
23.66	50	47.2068
23.67	50	47.2068
23.68	50	47.2068
23.69	50	47.2068
23.7	50	47.2068
23.71	50	47.2068
23.72	50	47.2068
23.73	50	47.2068
23.74	50	47.2068
23.75	50	47.2068
23.76	50	47.2068
23.77	50	47.2068
23.78	50	47.2068
23.79	50	47.2068
23.8	50	47.2068
23.81	50	47.2068
23.82	50	47.2068
23.83	50	47.2068
23.84	50	47.2068
23.85	50	47.2068
23.86	50	47.2068
23.87	50	47.2068
23.88	50	47.2068
23.89	50	47.2068
23.9	50	47.2068
23.91	50	47.2068
23.92	50	47.2068
23.93	50	47.2068
23.94	50	47.2068
23.95	50	47.2068
23.96	50	47.2068
23.97	50	47.2068
23.98	50	47.2068
23.99	50	47.2068
24	50	47.2068
24.01	50	47.2068
24.02	50	47.2068
24.03	50	47.2068
24.04	50	47.2068
24.05	50	47.2068
24.06	50	47.2068
24.07	50	47.2068
24.08	50	47.2068
24.09	50	47.2068
24.1	50	47.2068
24.11	50	47.2068
24.12	50	47.2068
24.13	50	47.2068
24.14	50	47.2068
24.15	50	47.2068
24.16	50	47.2068
24.17	50	47.2068
24.18	50	47.2068
24.19	50	47.2068
24.2	50	47.2068
24.21	50	47.2068
24.22	50	47.2068
24.23	50	47.2068
24.24	50	47.2068
24.25	50	47.2068
24.26	50	47.2068
24.27	50	47.2068
24.28	50	47.2068
24.29	50	47.2068
24.3	50	47.2068
24.31	50	47.2068
24.32	50	47.2068
24.33	50	47.2068
24.34	50	47.2068
24.35	50	47.2068
24.36	50	47.2068
24.37	50	47.2068
24.38	50	47.2068
24.39	50	47.2068
24.4	50	47.2068
24.41	50	47.2068
24.42	50	47.2068
24.43	50	47.2068
24.44	50	47.2068
24.45	50	47.2068
24.46	50	47.2068
24.47	50	47.2068
24.48	50	47.2068
24.49	50	47.2068
24.5	50	47.2068
24.51	50	47.2068
24.52	50	47.2068
24.53	50	47.2068
24.54	50	47.2068
24.55	50	47.2068
24.56	50	47.2068
24.57	50	47.2068
24.58	50	47.2068
24.59	50	47.2068
24.6	50	47.2068
24.61	50	47.2068
24.62	50	47.2068
24.63	50	47.2068
24.64	50	47.2068
24.65	50	47.2068
24.66	50	47.2068
24.67	50	47.2068
24.68	50	47.2068
24.69	50	47.2068
24.7	50	47.2068
24.71	50	47.2068
24.72	50	47.2068
24.73	50	47.2068
24.74	50	47.2068
24.75	50	47.2068
24.76	50	47.2068
24.77	50	47.2068
24.78	50	47.2068
24.79	50	47.2068
24.8	50	47.2068
24.81	50	47.2068
24.82	50	47.2068
24.83	50	47.2068
24.84	50	47.2068
24.85	50	47.2068
24.86	50	47.2068
24.87	50	47.2068
24.88	50	47.2068
24.89	50	47.2068
24.9	50	47.2068
24.91	50	47.2068
24.92	50	47.2068
24.93	50	47.2068
24.94	50	47.2068
24.95	50	47.2068
24.96	50	47.2068
24.97	50	47.2068
24.98	50	47.2068
24.99	50	47.2068
25	50	47.2068
25.01	50	47.2068
25.02	50	47.2068
25.03	50	47.2068
25.04	50	47.2068
25.05	50	47.2068
25.06	50	47.2068
25.07	50	47.2068
25.08	50	47.2068
25.09	50	47.2068
25.1	50	47.2068
25.11	50	47.2068
25.12	50	47.2068
25.13	50	47.2068
25.14	50	47.2068
25.15	50	47.2068
25.16	50	47.2068
25.17	50	47.2068
25.18	50	47.2068
25.19	50	47.2068
25.2	50	47.2068
25.21	50	47.2068
25.22	50	47.2068
25.23	50	47.2068
25.24	50	47.2068
25.25	50	47.2068
25.26	50	47.2068
25.27	50	47.2068
25.28	50	47.2068
25.29	50	47.2068
25.3	50	47.2068
25.31	50	47.2068
25.32	50	47.2068
25.33	50	47.2068
25.34	50	47.2068
25.35	50	47.2068
25.36	50	47.2068
25.37	50	47.2068
25.38	50	47.2068
25.39	50	47.2068
25.4	50	47.2068
25.41	50	47.2068
25.42	50	47.2068
25.43	50	47.2068
25.44	50	47.2068
25.45	50	47.2068
25.46	50	47.2068
25.47	50	47.2068
25.48	50	47.2068
25.49	50	47.2068
25.5	50	47.2068
25.51	50	47.2068
25.52	50	47.2068
25.53	50	47.2068
25.54	50	47.2068
25.55	50	47.2068
25.56	50	47.2068
25.57	50	47.2068
25.58	50	47.2068
25.59	50	47.2068
25.6	50	47.2068
25.61	50	47.2068
25.62	50	47.2068
25.63	50	47.2068
25.64	50	47.2068
25.65	50	47.2068
25.66	50	47.2068
25.67	50	47.2068
25.68	50	47.2068
25.69	50	47.2068
25.7	50	47.2068
25.71	50	47.2068
25.72	50	47.2068
25.73	50	47.2068
25.74	50	47.2068
25.75	50	47.2068
25.76	50	47.2068
25.77	50	47.2068
25.78	50	47.2068
25.79	50	47.2068
25.8	50	47.2068
25.81	50	47.2068
25.82	50	47.2068
25.83	50	47.2068
25.84	50	47.2068
25.85	50	47.2068
25.86	50	47.2068
25.87	50	47.2068
25.88	50	47.2068
25.89	50	47.2068
25.9	50	47.2068
25.91	50	47.2068
25.92	50	47.2068
25.93	50	47.2068
25.94	50	47.2068
25.95	50	47.2068
25.96	50	47.2068
25.97	50	47.2068
25.98	50	47.2068
25.99	50	47.2068
26	50	47.2068
26.01	50	47.2068
26.02	50	47.2068
26.03	50	47.2068
26.04	50	47.2068
26.05	50	47.2068
26.06	50	47.2068
26.07	50	47.2068
26.08	50	47.2068
26.09	50	47.2068
26.1	50	47.2068
26.11	50	47.2068
26.12	50	47.2068
26.13	50	47.2068
26.14	50	47.2068
26.15	50	47.2068
26.16	50	47.2068
26.17	50	47.2068
26.18	50	47.2068
26.19	50	47.2068
26.2	50	47.2068
26.21	50	47.2068
26.22	50	47.2068
26.23	50	47.2068
26.24	50	47.2068
26.25	50	47.2068
26.26	50	47.2068
26.27	50	47.2068
26.28	50	47.2068
26.29	50	47.2068
26.3	50	47.2068
26.31	50	47.2068
26.32	50	47.2068
26.33	50	47.2068
26.34	50	47.2068
26.35	50	47.2068
26.36	50	47.2068
26.37	50	47.2068
26.38	50	47.2068
26.39	50	47.2068
26.4	50	47.2068
26.41	50	47.2068
26.42	50	47.2068
26.43	50	47.2068
26.44	50	47.2068
26.45	50	47.2068
26.46	50	47.2068
26.47	50	47.2068
26.48	50	47.2068
26.49	50	47.2068
26.5	50	47.2068
26.51	50	47.2068
26.52	50	47.2068
26.53	50	47.2068
26.54	50	47.2068
26.55	50	47.2068
26.56	50	47.2068
26.57	50	47.2068
26.58	50	47.2068
26.59	50	47.2068
26.6	50	47.2068
26.61	50	47.2068
26.62	50	47.2068
26.63	50	47.2068
26.64	50	47.2068
26.65	50	47.2068
26.66	50	47.2068
26.67	50	47.2068
26.68	50	47.2068
26.69	50	47.2068
26.7	50	47.2068
26.71	50	47.2068
26.72	50	47.2068
26.73	50	47.2068
26.74	50	47.2068
26.75	50	47.2068
26.76	50	47.2068
26.77	50	47.2068
26.78	50	47.2068
26.79	50	47.2068
26.8	50	47.2068
26.81	50	47.2068
26.82	50	47.2068
26.83	50	47.2068
26.84	50	47.2068
26.85	50	47.2068
26.86	50	47.2068
26.87	50	47.2068
26.88	50	47.2068
26.89	50	47.2068
26.9	50	47.2068
26.91	50	47.2068
26.92	50	47.2068
26.93	50	47.2068
26.94	50	47.2068
26.95	50	47.2068
26.96	50	47.2068
26.97	50	47.2068
26.98	50	47.2068
26.99	50	47.2068
27	50	47.2068
27.01	50	47.2068
27.02	50	47.2068
27.03	50	47.2068
27.04	50	47.2068
27.05	50	47.2068
27.06	50	47.2068
27.07	50	47.2068
27.08	50	47.2068
27.09	50	47.2068
27.1	50	47.2068
27.11	50	47.2068
27.12	50	47.2068
27.13	50	47.2068
27.14	50	47.2068
27.15	50	47.2068
27.16	50	47.2068
27.17	50	47.2068
27.18	50	47.2068
27.19	50	47.2068
27.2	50	47.2068
27.21	50	47.2068
27.22	50	47.2068
27.23	50	47.2068
27.24	50	47.2068
27.25	50	47.2068
27.26	50	47.2068
27.27	50	47.2068
27.28	50	47.2068
27.29	50	47.2068
27.3	50	47.2068
27.31	50	47.2068
27.32	50	47.2068
27.33	50	47.2068
27.34	50	47.2068
27.35	50	47.2068
27.36	50	47.2068
27.37	50	47.2068
27.38	50	47.2068
27.39	50	47.2068
27.4	50	47.2068
27.41	50	47.2068
27.42	50	47.2068
27.43	50	47.2068
27.44	50	47.2068
27.45	50	47.2068
27.46	50	47.2068
27.47	50	47.2068
27.48	50	47.2068
27.49	50	47.2068
27.5	50	47.2068
27.51	50	47.2068
27.52	50	47.2068
27.53	50	47.2068
27.54	50	47.2068
27.55	50	47.2068
27.56	50	47.2068
27.57	50	47.2068
27.58	50	47.2068
27.59	50	47.2068
27.6	50	47.2068
27.61	50	47.2068
27.62	50	47.2068
27.63	50	47.2068
27.64	50	47.2068
27.65	50	47.2068
27.66	50	47.2068
27.67	50	47.2068
27.68	50	47.2068
27.69	50	47.2068
27.7	50	47.2068
27.71	50	47.2068
27.72	50	47.2068
27.73	50	47.2068
27.74	50	47.2068
27.75	50	47.2068
27.76	50	47.2068
27.77	50	47.2068
27.78	50	47.2068
27.79	50	47.2068
27.8	50	47.2068
27.81	50	47.2068
27.82	50	47.2068
27.83	50	47.2068
27.84	50	47.2068
27.85	50	47.2068
27.86	50	47.2068
27.87	50	47.2068
27.88	50	47.2068
27.89	50	47.2068
27.9	50	47.2068
27.91	50	47.2068
27.92	50	47.2068
27.93	50	47.2068
27.94	50	47.2068
27.95	50	47.2068
27.96	50	47.2068
27.97	50	47.2068
27.98	50	47.2068
27.99	50	47.2068
28	50	47.2068
28.01	50	47.2068
28.02	50	47.2068
28.03	50	47.2068
28.04	50	47.2068
28.05	50	47.2068
28.06	50	47.2068
28.07	50	47.2068
28.08	50	47.2068
28.09	50	47.2068
28.1	50	47.2068
28.11	50	47.2068
28.12	50	47.2068
28.13	50	47.2068
28.14	50	47.2068
28.15	50	47.2068
28.16	50	47.2068
28.17	50	47.2068
28.18	50	47.2068
28.19	50	47.2068
28.2	50	47.2068
28.21	50	47.2068
28.22	50	47.2068
28.23	50	47.2068
28.24	50	47.2068
28.25	50	47.2068
28.26	50	47.2068
28.27	50	47.2068
28.28	50	47.2068
28.29	50	47.2068
28.3	50	47.2068
28.31	50	47.2068
28.32	50	47.2068
28.33	50	47.2068
28.34	50	47.2068
28.35	50	47.2068
28.36	50	47.2068
28.37	50	47.2068
28.38	50	47.2068
28.39	50	47.2068
28.4	50	47.2068
28.41	50	47.2068
28.42	50	47.2068
28.43	50	47.2068
28.44	50	47.2068
28.45	50	47.2068
28.46	50	47.2068
28.47	50	47.2068
28.48	50	47.2068
28.49	50	47.2068
28.5	50	47.2068
28.51	50	47.2068
28.52	50	47.2068
28.53	50	47.2068
28.54	50	47.2068
28.55	50	47.2068
28.56	50	47.2068
28.57	50	47.2068
28.58	50	47.2068
28.59	50	47.2068
28.6	50	47.2068
28.61	50	47.2068
28.62	50	47.2068
28.63	50	47.2068
28.64	50	47.2068
28.65	50	47.2068
28.66	50	47.2068
28.67	50	47.2068
28.68	50	47.2068
28.69	50	47.2068
28.7	50	47.2068
28.71	50	47.2068
28.72	50	47.2068
28.73	50	47.2068
28.74	50	47.2068
28.75	50	47.2068
28.76	50	47.2068
28.77	50	47.2068
28.78	50	47.2068
28.79	50	47.2068
28.8	50	47.2068
28.81	50	47.2068
28.82	50	47.2068
28.83	50	47.2068
28.84	50	47.2068
28.85	50	47.2068
28.86	50	47.2068
28.87	50	47.2068
28.88	50	47.2068
28.89	50	47.2068
28.9	50	47.2068
28.91	50	47.2068
28.92	50	47.2068
28.93	50	47.2068
28.94	50	47.2068
28.95	50	47.2068
28.96	50	47.2068
28.97	50	47.2068
28.98	50	47.2068
28.99	50	47.2068
29	50	47.2068
29.01	50	47.2068
29.02	50	47.2068
29.03	50	47.2068
29.04	50	47.2068
29.05	50	47.2068
29.06	50	47.2068
29.07	50	47.2068
29.08	50	47.2068
29.09	50	47.2068
29.1	50	47.2068
29.11	50	47.2068
29.12	50	47.2068
29.13	50	47.2068
29.14	50	47.2068
29.15	50	47.2068
29.16	50	47.2068
29.17	50	47.2068
29.18	50	47.2068
29.19	50	47.2068
29.2	50	47.2068
29.21	50	47.2068
29.22	50	47.2068
29.23	50	47.2068
29.24	50	47.2068
29.25	50	47.2068
29.26	50	47.2068
29.27	50	47.2068
29.28	50	47.2068
29.29	50	47.2068
29.3	50	47.2068
29.31	50	47.2068
29.32	50	47.2068
29.33	50	47.2068
29.34	50	47.2068
29.35	50	47.2068
29.36	50	47.2068
29.37	50	47.2068
29.38	50	47.2068
29.39	50	47.2068
29.4	50	47.2068
29.41	50	47.2068
29.42	50	47.2068
29.43	50	47.2068
29.44	50	47.2068
29.45	50	47.2068
29.46	50	47.2068
29.47	50	47.2068
29.48	50	47.2068
29.49	50	47.2068
29.5	50	47.2068
29.51	50	47.2068
29.52	50	47.2068
29.53	50	47.2068
29.54	50	47.2068
29.55	50	47.2068
29.56	50	47.2068
29.57	50	47.2068
29.58	50	47.2068
29.59	50	47.2068
29.6	50	47.2068
29.61	50	47.2068
29.62	50	47.2068
29.63	50	47.2068
29.64	50	47.2068
29.65	50	47.2068
29.66	50	47.2068
29.67	50	47.2068
29.68	50	47.2068
29.69	50	47.2068
29.7	50	47.2068
29.71	50	47.2068
29.72	50	47.2068
29.73	50	47.2068
29.74	50	47.2068
29.75	50	47.2068
29.76	50	47.2068
29.77	50	47.2068
29.78	50	47.2068
29.79	50	47.2068
29.8	50	47.2068
29.81	50	47.2068
29.82	50	47.2068
29.83	50	47.2068
29.84	50	47.2068
29.85	50	47.2068
29.86	50	47.2068
29.87	50	47.2068
29.88	50	47.2068
29.89	50	47.2068
29.9	50	47.2068
29.91	50	47.2068
29.92	50	47.2068
29.93	50	47.2068
29.94	50	47.2068
29.95	50	47.2068
29.96	50	47.2068
29.97	50	47.2068
29.98	50	47.2068
29.99	50	47.2068
30	50	47.2068
30.01	50	47.2068
30.02	50	47.2068
30.03	50	47.2068
30.04	50	47.2068
30.05	50	47.2068
30.06	50	47.2068
30.07	50	47.2068
30.08	50	47.2068
30.09	50	47.2068
30.1	50	47.2068
30.11	50	47.2068
30.12	50	47.2068
30.13	50	47.2068
30.14	50	47.2068
30.15	50	47.2068
30.16	50	47.2068
30.17	50	47.2068
30.18	50	47.2068
30.19	50	47.2068
30.2	50	47.2068
30.21	50	47.2068
30.22	50	47.2068
30.23	50	47.2068
30.24	50	47.2068
30.25	50	47.2068
30.26	50	47.2068
30.27	50	47.2068
30.28	50	47.2068
30.29	50	47.2068
30.3	50	47.2068
30.31	50	47.2068
30.32	50	47.2068
30.33	50	47.2068
30.34	50	47.2068
30.35	50	47.2068
30.36	50	47.2068
30.37	50	47.2068
30.38	50	47.2068
30.39	50	47.2068
30.4	50	47.2068
30.41	50	47.2068
30.42	50	47.2068
30.43	50	47.2068
30.44	50	47.2068
30.45	50	47.2068
30.46	50	47.2068
30.47	50	47.2068
30.48	50	47.2068
30.49	50	47.2068
30.5	50	47.2068
30.51	50	47.2068
30.52	50	47.2068
30.53	50	47.2068
30.54	50	47.2068
30.55	50	47.2068
30.56	50	47.2068
30.57	50	47.2068
30.58	50	47.2068
30.59	50	47.2068
30.6	50	47.2068
30.61	50	47.2068
30.62	50	47.2068
30.63	50	47.2068
30.64	50	47.2068
30.65	50	47.2068
30.66	50	47.2068
30.67	50	47.2068
30.68	50	47.2068
30.69	50	47.2068
30.7	50	47.2068
30.71	50	47.2068
30.72	50	47.2068
30.73	50	47.2068
30.74	50	47.2068
30.75	50	47.2068
30.76	50	47.2068
30.77	50	47.2068
30.78	50	47.2068
30.79	50	47.2068
30.8	50	47.2068
30.81	50	47.2068
30.82	50	47.2068
30.83	50	47.2068
30.84	50	47.2068
30.85	50	47.2068
30.86	50	47.2068
30.87	50	47.2068
30.88	50	47.2068
30.89	50	47.2068
30.9	50	47.2068
30.91	50	47.2068
30.92	50	47.2068
30.93	50	47.2068
30.94	50	47.2068
30.95	50	47.2068
30.96	50	47.2068
30.97	50	47.2068
30.98	50	47.2068
30.99	50	47.2068
31	50	47.2068
31.01	50	47.2068
31.02	50	47.2068
31.03	50	47.2068
31.04	50	47.2068
31.05	50	47.2068
31.06	50	47.2068
31.07	50	47.2068
31.08	50	47.2068
31.09	50	47.2068
31.1	50	47.2068
31.11	50	47.2068
31.12	50	47.2068
31.13	50	47.2068
31.14	50	47.2068
31.15	50	47.2068
31.16	50	47.2068
31.17	50	47.2068
31.18	50	47.2068
31.19	50	47.2068
31.2	50	47.2068
31.21	50	47.2068
31.22	50	47.2068
31.23	50	47.2068
31.24	50	47.2068
31.25	50	47.2068
31.26	50	47.2068
31.27	50	47.2068
31.28	50	47.2068
31.29	50	47.2068
31.3	50	47.2068
31.31	50	47.2068
31.32	50	47.2068
31.33	50	47.2068
31.34	50	47.2068
31.35	50	47.2068
31.36	50	47.2068
31.37	50	47.2068
31.38	50	47.2068
31.39	50	47.2068
31.4	50	47.2068
31.41	50	47.2068
31.42	50	47.2068
31.43	50	47.2068
31.44	50	47.2068
31.45	50	47.2068
31.46	50	47.2068
31.47	50	47.2068
31.48	50	47.2068
31.49	50	47.2068
31.5	50	47.2068
31.51	50	47.2068
31.52	50	47.2068
31.53	50	47.2068
31.54	50	47.2068
31.55	50	47.2068
31.56	50	47.2068
31.57	50	47.2068
31.58	50	47.2068
31.59	50	47.2068
31.6	50	47.2068
31.61	50	47.2068
31.62	50	47.2068
31.63	50	47.2068
31.64	50	47.2068
31.65	50	47.2068
31.66	50	47.2068
31.67	50	47.2068
31.68	50	47.2068
31.69	50	47.2068
31.7	50	47.2068
31.71	50	47.2068
31.72	50	47.2068
31.73	50	47.2068
31.74	50	47.2068
31.75	50	47.2068
31.76	50	47.2068
31.77	50	47.2068
31.78	50	47.2068
31.79	50	47.2068
31.8	50	47.2068
31.81	50	47.2068
31.82	50	47.2068
31.83	50	47.2068
31.84	50	47.2068
31.85	50	47.2068
31.86	50	47.2068
31.87	50	47.2068
31.88	50	47.2068
31.89	50	47.2068
31.9	50	47.2068
31.91	50	47.2068
31.92	50	47.2068
31.93	50	47.2068
31.94	50	47.2068
31.95	50	47.2068
31.96	50	47.2068
31.97	50	47.2068
31.98	50	47.2068
31.99	50	47.2068
32	50	47.2068
32.01	50	47.2068
32.02	50	47.2068
32.03	50	47.2068
32.04	50	47.2068
32.05	50	47.2068
32.06	50	47.2068
32.07	50	47.2068
32.08	50	47.2068
32.09	50	47.2068
32.1	50	47.2068
32.11	50	47.2068
32.12	50	47.2068
32.13	50	47.2068
32.14	50	47.2068
32.15	50	47.2068
32.16	50	47.2068
32.17	50	47.2068
32.18	50	47.2068
32.19	50	47.2068
32.2	50	47.2068
32.21	50	47.2068
32.22	50	47.2068
32.23	50	47.2068
32.24	50	47.2068
32.25	50	47.2068
32.26	50	47.2068
32.27	50	47.2068
32.28	50	47.2068
32.29	50	47.2068
32.3	50	47.2068
32.31	50	47.2068
32.32	50	47.2068
32.33	50	47.2068
32.34	50	47.2068
32.35	50	47.2068
32.36	50	47.2068
32.37	50	47.2068
32.38	50	47.2068
32.39	50	47.2068
32.4	50	47.2068
32.41	50	47.2068
32.42	50	47.2068
32.43	50	47.2068
32.44	50	47.2068
32.45	50	47.2068
32.46	50	47.2068
32.47	50	47.2068
32.48	50	47.2068
32.49	50	47.2068
32.5	50	47.2068
32.51	50	47.2068
32.52	50	47.2068
32.53	50	47.2068
32.54	50	47.2068
32.55	50	47.2068
32.56	50	47.2068
32.57	50	47.2068
32.58	50	47.2068
32.59	50	47.2068
32.6	50	47.2068
32.61	50	47.2068
32.62	50	47.2068
32.63	50	47.2068
32.64	50	47.2068
32.65	50	47.2068
32.66	50	47.2068
32.67	50	47.2068
32.68	50	47.2068
32.69	50	47.2068
32.7	50	47.2068
32.71	50	47.2068
32.72	50	47.2068
32.73	50	47.2068
32.74	50	47.2068
32.75	50	47.2068
32.76	50	47.2068
32.77	50	47.2068
32.78	50	47.2068
32.79	50	47.2068
32.8	50	47.2068
32.81	50	47.2068
32.82	50	47.2068
32.83	50	47.2068
32.84	50	47.2068
32.85	50	47.2068
32.86	50	47.2068
32.87	50	47.2068
32.88	50	47.2068
32.89	50	47.2068
32.9	50	47.2068
32.91	50	47.2068
32.92	50	47.2068
32.93	50	47.2068
32.94	50	47.2068
32.95	50	47.2068
32.96	50	47.2068
32.97	50	47.2068
32.98	50	47.2068
32.99	50	47.2068
33	50	47.2068
33.01	50	47.2068
33.02	50	47.2068
33.03	50	47.2068
33.04	50	47.2068
33.05	50	47.2068
33.06	50	47.2068
33.07	50	47.2068
33.08	50	47.2068
33.09	50	47.2068
33.1	50	47.2068
33.11	50	47.2068
33.12	50	47.2068
33.13	50	47.2068
33.14	50	47.2068
33.15	50	47.2068
33.16	50	47.2068
33.17	50	47.2068
33.18	50	47.2068
33.19	50	47.2068
33.2	50	47.2068
33.21	50	47.2068
33.22	50	47.2068
33.23	50	47.2068
33.24	50	47.2068
33.25	50	47.2068
33.26	50	47.2068
33.27	50	47.2068
33.28	50	47.2068
33.29	50	47.2068
33.3	50	47.2068
33.31	50	47.2068
33.32	50	47.2068
33.33	50	47.2068
33.34	50	47.2068
33.35	50	47.2068
33.36	50	47.2068
33.37	50	47.2068
33.38	50	47.2068
33.39	50	47.2068
33.4	50	47.2068
33.41	50	47.2068
33.42	50	47.2068
33.43	50	47.2068
33.44	50	47.2068
33.45	50	47.2068
33.46	50	47.2068
33.47	50	47.2068
33.48	50	47.2068
33.49	50	47.2068
33.5	50	47.2068
33.51	50	47.2068
33.52	50	47.2068
33.53	50	47.2068
33.54	50	47.2068
33.55	50	47.2068
33.56	50	47.2068
33.57	50	47.2068
33.58	50	47.2068
33.59	50	47.2068
33.6	50	47.2068
33.61	50	47.2068
33.62	50	47.2068
33.63	50	47.2068
33.64	50	47.2068
33.65	50	47.2068
33.66	50	47.2068
33.67	50	47.2068
33.68	50	47.2068
33.69	50	47.2068
33.7	50	47.2068
33.71	50	47.2068
33.72	50	47.2068
33.73	50	47.2068
33.74	50	47.2068
33.75	50	47.2068
33.76	50	47.2068
33.77	50	47.2068
33.78	50	47.2068
33.79	50	47.2068
33.8	50	47.2068
33.81	50	47.2068
33.82	50	47.2068
33.83	50	47.2068
33.84	50	47.2068
33.85	50	47.2068
33.86	50	47.2068
33.87	50	47.2068
33.88	50	47.2068
33.89	50	47.2068
33.9	50	47.2068
33.91	50	47.2068
33.92	50	47.2068
33.93	50	47.2068
33.94	50	47.2068
33.95	50	47.2068
33.96	50	47.2068
33.97	50	47.2068
33.98	50	47.2068
33.99	50	47.2068
34	50	47.2068
34.01	50	47.2068
34.02	50	47.2068
34.03	50	47.2068
34.04	50	47.2068
34.05	50	47.2068
34.06	50	47.2068
34.07	50	47.2068
34.08	50	47.2068
34.09	50	47.2068
34.1	50	47.2068
34.11	50	47.2068
34.12	50	47.2068
34.13	50	47.2068
34.14	50	47.2068
34.15	50	47.2068
34.16	50	47.2068
34.17	50	47.2068
34.18	50	47.2068
34.19	50	47.2068
34.2	50	47.2068
34.21	50	47.2068
34.22	50	47.2068
34.23	50	47.2068
34.24	50	47.2068
34.25	50	47.2068
34.26	50	47.2068
34.27	50	47.2068
34.28	50	47.2068
34.29	50	47.2068
34.3	50	47.2068
34.31	50	47.2068
34.32	50	47.2068
34.33	50	47.2068
34.34	50	47.2068
34.35	50	47.2068
34.36	50	47.2068
34.37	50	47.2068
34.38	50	47.2068
34.39	50	47.2068
34.4	50	47.2068
34.41	50	47.2068
34.42	50	47.2068
34.43	50	47.2068
34.44	50	47.2068
34.45	50	47.2068
34.46	50	47.2068
34.47	50	47.2068
34.48	50	47.2068
34.49	50	47.2068
34.5	50	47.2068
34.51	50	47.2068
34.52	50	47.2068
34.53	50	47.2068
34.54	50	47.2068
34.55	50	47.2068
34.56	50	47.2068
34.57	50	47.2068
34.58	50	47.2068
34.59	50	47.2068
34.6	50	47.2068
34.61	50	47.2068
34.62	50	47.2068
34.63	50	47.2068
34.64	50	47.2068
34.65	50	47.2068
34.66	50	47.2068
34.67	50	47.2068
34.68	50	47.2068
34.69	50	47.2068
34.7	50	47.2068
34.71	50	47.2068
34.72	50	47.2068
34.73	50	47.2068
34.74	50	47.2068
34.75	50	47.2068
34.76	50	47.2068
34.77	50	47.2068
34.78	50	47.2068
34.79	50	47.2068
34.8	50	47.2068
34.81	50	47.2068
34.82	50	47.2068
34.83	50	47.2068
34.84	50	47.2068
34.85	50	47.2068
34.86	50	47.2068
34.87	50	47.2068
34.88	50	47.2068
34.89	50	47.2068
34.9	50	47.2068
34.91	50	47.2068
34.92	50	47.2068
34.93	50	47.2068
34.94	50	47.2068
34.95	50	47.2068
34.96	50	47.2068
34.97	50	47.2068
34.98	50	47.2068
34.99	50	47.2068
35	50	47.2068
35.01	50	47.2068
35.02	50	47.2068
35.03	50	47.2068
35.04	50	47.2068
35.05	50	47.2068
35.06	50	47.2068
35.07	50	47.2068
35.08	50	47.2068
35.09	50	47.2068
35.1	50	47.2068
35.11	50	47.2068
35.12	50	47.2068
35.13	50	47.2068
35.14	50	47.2068
35.15	50	47.2068
35.16	50	47.2068
35.17	50	47.2068
35.18	50	47.2068
35.19	50	47.2068
35.2	50	47.2068
35.21	50	47.2068
35.22	50	47.2068
35.23	50	47.2068
35.24	50	47.2068
35.25	50	47.2068
35.26	50	47.2068
35.27	50	47.2068
35.28	50	47.2068
35.29	50	47.2068
35.3	50	47.2068
35.31	50	47.2068
35.32	50	47.2068
35.33	50	47.2068
35.34	50	47.2068
35.35	50	47.2068
35.36	50	47.2068
35.37	50	47.2068
35.38	50	47.2068
35.39	50	47.2068
35.4	50	47.2068
35.41	50	47.2068
35.42	50	47.2068
35.43	50	47.2068
35.44	50	47.2068
35.45	50	47.2068
35.46	50	47.2068
35.47	50	47.2068
35.48	50	47.2068
35.49	50	47.2068
35.5	50	47.2068
35.51	50	47.2068
35.52	50	47.2068
35.53	50	47.2068
35.54	50	47.2068
35.55	50	47.2068
35.56	50	47.2068
35.57	50	47.2068
35.58	50	47.2068
35.59	50	47.2068
35.6	50	47.2068
35.61	50	47.2068
35.62	50	47.2068
35.63	50	47.2068
35.64	50	47.2068
35.65	50	47.2068
35.66	50	47.2068
35.67	50	47.2068
35.68	50	47.2068
35.69	50	47.2068
35.7	50	47.2068
35.71	50	47.2068
35.72	50	47.2068
35.73	50	47.2068
35.74	50	47.2068
35.75	50	47.2068
35.76	50	47.2068
35.77	50	47.2068
35.78	50	47.2068
35.79	50	47.2068
35.8	50	47.2068
35.81	50	47.2068
35.82	50	47.2068
35.83	50	47.2068
35.84	50	47.2068
35.85	50	47.2068
35.86	50	47.2068
35.87	50	47.2068
35.88	50	47.2068
35.89	50	47.2068
35.9	50	47.2068
35.91	50	47.2068
35.92	50	47.2068
35.93	50	47.2068
35.94	50	47.2068
35.95	50	47.2068
35.96	50	47.2068
35.97	50	47.2068
35.98	50	47.2068
35.99	62	47.2068
36	80	47.2068
36.01	80	46.4176
36.02	80	45.6536
36.03	80	44.9399
36.04	80	44.2717
36.05	80	43.6263
36.06	80	43.0426
36.07	80	42.4776
36.08	80	41.9498
36.09	80	41.4557
36.1	80	40.9785
36.11	80	40.547
36.12	80	40.1293
36.13	80	39.7391
36.14	80	39.3739
36.15	80	39.0211
36.16	80	38.7022
36.17	80	38.3934
36.18	80	38.105
36.19	80	37.835
36.2	80	37.5743
36.21	80	37.3385
36.22	80	37.1103
36.23	80	36.8972
36.24	80	36.6976
36.25	80	36.5049
36.26	80	36.3306
36.27	80	36.1619
36.28	80	36.0043
36.29	80	35.8568
36.3	80	35.7143
36.31	80	35.5855
36.32	80	35.4608
36.33	80	35.3443
36.34	80	35.2352
36.35	80	35.1299
36.36	80	35.0346
36.37	80	34.9424
36.38	80	34.8563
36.39	80	34.7757
36.4	80	34.6978
36.41	80	34.6273
36.42	80	34.5591
36.43	80	34.4954
36.44	80	34.4358
36.45	80	34.3782
36.46	80	34.326
36.47	80	34.2756
36.48	80	34.2285
36.49	80	34.1844
36.5	80	34.1417
36.51	80	34.1032
36.52	80	34.0659
36.53	80	34.031
36.54	80	33.9984
36.55	80	33.9668
36.56	80	33.9383
36.57	80	33.9107
36.58	80	33.8849
36.59	80	33.8607
36.6	80	33.8374
36.61	80	33.8163
36.62	80	33.7958
36.63	80	33.7767
36.64	80	33.7588
36.65	80	33.7416
36.66	80	33.7259
36.67	80	33.7108
36.68	80	33.6967
36.69	80	33.6834
36.7	80	33.6707
36.71	80	33.6591
36.72	80	33.6479
36.73	80	33.6374
36.74	80	33.6276
36.75	80	33.6182
36.76	80	33.6096
36.77	80	33.6013
36.78	80	33.5935
36.79	80	33.5863
36.8	80	33.5793
36.81	80	33.5729
36.82	80	33.5668
36.83	80	33.5611
36.84	80	33.5557
36.85	80	33.5505
36.86	80	33.5458
36.87	80	33.5412
36.88	80	33.537
36.89	80	33.533
36.9	80	33.5292
36.91	80	33.5257
36.92	80	33.5223
36.93	80	33.5192
36.94	80	33.5162
36.95	80	33.5134
36.96	80	33.5108
36.97	80	33.5083
36.98	80	33.506
36.99	80	33.5038
37	80	33.5017
37.01	80	33.4998
37.02	80	33.4979
37.03	80	33.4962
37.04	80	33.4946
37.05	80	33.493
37.06	80	33.4916
37.07	80	33.4902
37.08	80	33.4889
37.09	80	33.4877
37.1	80	33.4866
37.11	80	33.4855
37.12	80	33.4845
37.13	80	33.4836
37.14	80	33.4827
37.15	80	33.4818
37.16	80	33.4811
37.17	80	33.4803
37.18	80	33.4796
37.19	80	33.4789
37.2	80	33.4783
37.21	80	33.4777
37.22	80	33.4772
37.23	80	33.4767
37.24	80	33.4762
37.25	80	33.4757
37.26	80	33.4753
37.27	80	33.4749
37.28	80	33.4745
37.29	80	33.4741
37.3	80	33.4738
37.31	80	33.4734
37.32	80	33.4731
37.33	80	33.4729
37.34	80	33.4726
37.35	80	33.4723
37.36	80	33.4721
37.37	80	33.4719
37.38	80	33.4717
37.39	80	33.4715
37.4	80	33.4713
37.41	80	33.4711
37.42	80	33.4709
37.43	80	33.4708
37.44	80	33.4706
37.45	80	33.4705
37.46	80	33.4704
37.47	80	33.4702
37.48	80	33.4701
37.49	80	33.47
37.5	80	33.4699
37.51	80	33.4698
37.52	80	33.4697
37.53	80	33.4696
37.54	80	33.4695
37.55	80	33.4695
37.56	80	33.4694
37.57	80	33.4693
37.58	80	33.4693
37.59	80	33.4692
37.6	80	33.4691
37.61	80	33.4691
37.62	80	33.469
37.63	80	33.469
37.64	80	33.4689
37.65	80	33.4689
37.66	80	33.4689
37.67	80	33.4688
37.68	80	33.4688
37.69	80	33.4688
37.7	80	33.4687
37.71	80	33.4687
37.72	80	33.4687
37.73	80	33.4686
37.74	80	33.4686
37.75	80	33.4686
37.76	80	33.4686
37.77	80	33.4686
37.78	80	33.4685
37.79	80	33.4685
37.8	80	33.4685
37.81	80	33.4685
37.82	80	33.4685
37.83	80	33.4685
37.84	80	33.4684
37.85	80	33.4684
37.86	80	33.4684
37.87	80	33.4684
37.88	80	33.4684
37.89	80	33.4684
37.9	80	33.4684
37.91	80	33.4684
37.92	80	33.4684
37.93	80	33.4684
37.94	80	33.4683
37.95	80	33.4683
37.96	80	33.4683
37.97	80	33.4683
37.98	80	33.4683
37.99	80	33.4683
38	80	33.4683
38.01	80	33.4683
38.02	80	33.4683
38.03	80	33.4683
38.04	80	33.4683
38.05	80	33.4683
38.06	80	33.4683
38.07	80	33.4683
38.08	80	33.4683
38.09	80	33.4683
38.1	80	33.4683
38.11	80	33.4683
38.12	80	33.4683
38.13	80	33.4683
38.14	80	33.4683
38.15	80	33.4683
38.16	80	33.4683
38.17	80	33.4683
38.18	80	33.4683
38.19	80	33.4683
38.2	80	33.4683
38.21	80	33.4683
38.22	80	33.4683
38.23	80	33.4683
38.24	80	33.4682
38.25	80	33.4682
38.26	80	33.4682
38.27	80	33.4682
38.28	80	33.4682
38.29	80	33.4682
38.3	80	33.4682
38.31	80	33.4682
38.32	80	33.4682
38.33	80	33.4682
38.34	80	33.4682
38.35	80	33.4682
38.36	80	33.4682
38.37	80	33.4682
38.38	80	33.4682
38.39	80	33.4682
38.4	80	33.4682
38.41	80	33.4682
38.42	80	33.4682
38.43	80	33.4682
38.44	80	33.4682
38.45	80	33.4682
38.46	80	33.4682
38.47	80	33.4682
38.48	80	33.4682
38.49	80	33.4682
38.5	80	33.4682
38.51	80	33.4682
38.52	80	33.4682
38.53	80	33.4682
38.54	80	33.4682
38.55	80	33.4682
38.56	80	33.4682
38.57	80	33.4682
38.58	80	33.4682
38.59	80	33.4682
38.6	80	33.4682
38.61	80	33.4682
38.62	80	33.4682
38.63	80	33.4682
38.64	80	33.4682
38.65	80	33.4682
38.66	80	33.4682
38.67	80	33.4682
38.68	80	33.4682
38.69	80	33.4682
38.7	80	33.4682
38.71	80	33.4682
38.72	80	33.4682
38.73	80	33.4682
38.74	80	33.4682
38.75	80	33.4682
38.76	80	33.4682
38.77	80	33.4682
38.78	80	33.4682
38.79	80	33.4682
38.8	80	33.4682
38.81	80	33.4682
38.82	80	33.4682
38.83	80	33.4682
38.84	80	33.4682
38.85	80	33.4682
38.86	80	33.4682
38.87	80	33.4682
38.88	80	33.4682
38.89	80	33.4682
38.9	80	33.4682
38.91	80	33.4682
38.92	80	33.4682
38.93	80	33.4682
38.94	80	33.4682
38.95	80	33.4682
38.96	80	33.4682
38.97	80	33.4682
38.98	80	33.4682
38.99	80	33.4682
39	80	33.4682
39.01	80	33.4682
39.02	80	33.4682
39.03	80	33.4682
39.04	80	33.4682
39.05	80	33.4682
39.06	80	33.4682
39.07	80	33.4682
39.08	80	33.4682
39.09	80	33.4682
39.1	80	33.4682
39.11	80	33.4682
39.12	80	33.4682
39.13	80	33.4682
39.14	80	33.4682
39.15	80	33.4682
39.16	80	33.4682
39.17	80	33.4682
39.18	80	33.4682
39.19	80	33.4682
39.2	80	33.4682
39.21	80	33.4682
39.22	80	33.4682
39.23	80	33.4682
39.24	80	33.4682
39.25	80	33.4682
39.26	80	33.4682
39.27	80	33.4682
39.28	80	33.4682
39.29	80	33.4682
39.3	80	33.4682
39.31	80	33.4682
39.32	80	33.4682
39.33	80	33.4682
39.34	80	33.4682
39.35	80	33.4682
39.36	80	33.4682
39.37	80	33.4682
39.38	80	33.4682
39.39	80	33.4682
39.4	80	33.4682
39.41	80	33.4682
39.42	80	33.4682
39.43	80	33.4682
39.44	80	33.4682
39.45	80	33.4682
39.46	80	33.4682
39.47	80	33.4682
39.48	80	33.4682
39.49	80	33.4682
39.5	80	33.4682
39.51	80	33.4682
39.52	80	33.4682
39.53	80	33.4682
39.54	80	33.4682
39.55	80	33.4682
39.56	80	33.4682
39.57	80	33.4682
39.58	80	33.4682
39.59	80	33.4682
39.6	80	33.4682
39.61	80	33.4682
39.62	80	33.4682
39.63	80	33.4682
39.64	80	33.4682
39.65	80	33.4682
39.66	80	33.4682
39.67	80	33.4682
39.68	80	33.4682
39.69	80	33.4682
39.7	80	33.4682
39.71	80	33.4682
39.72	80	33.4682
39.73	80	33.4682
39.74	80	33.4682
39.75	80	33.4682
39.76	80	33.4682
39.77	80	33.4682
39.78	80	33.4682
39.79	80	33.4682
39.8	80	33.4682
39.81	80	33.4682
39.82	80	33.4682
39.83	80	33.4682
39.84	80	33.4682
39.85	80	33.4682
39.86	80	33.4682
39.87	80	33.4682
39.88	80	33.4682
39.89	80	33.4682
39.9	80	33.4682
39.91	80	33.4682
39.92	80	33.4682
39.93	80	33.4682
39.94	80	33.4682
39.95	80	33.4682
39.96	80	33.4682
39.97	80	33.4682
39.98	80	33.4682
39.99	80	33.4682
40	80	33.4682
40.01	80	33.4682
40.02	80	33.4682
40.03	80	33.4682
40.04	80	33.4682
40.05	80	33.4682
40.06	80	33.4682
40.07	80	33.4682
40.08	80	33.4682
40.09	80	33.4682
40.1	80	33.4682
40.11	80	33.4682
40.12	80	33.4682
40.13	80	33.4682
40.14	80	33.4682
40.15	80	33.4682
40.16	80	33.4682
40.17	80	33.4682
40.18	80	33.4682
40.19	80	33.4682
40.2	80	33.4682
40.21	80	33.4682
40.22	80	33.4682
40.23	80	33.4682
