Time	VALVE 179	LAG 382	LAG 386	VALVE 228
	POSITION	OUT	OUT	POSITION
		SIGNAL	SIGNAL	
				
1	0	0	0	0
2	0	0	0	0
3	0	0	0	0
4	0	0	0	0
5	0	0	0	0
6	0	0	0	0
7	0	0	0	0
8	0	0	0	0
9	0	0	0	0
10	0	0	0	0
11	0	0	0	0
12	0	0	0	0
13	0	0	0	0
14	0	0	0	0
15	0	0	0	0
16	0	0	0	0
17	0	0	0	0
18	0	0	0	0
19	0	0	0	0
20	0	0	0	0
21	0	0	0	0
22	0	0	0	0
23	0	0	0	0
24	0	0	0	0
25	0	0	0	0
26	0	0	0	0
27	0	0	0	0
28	0	0	0	0
29	0	0	0	0
30	0	0	0	0
31	0	0	0	0
32	0	0	0	0
33	0	0	0	0
34	0	0	0	0
35	0	0	0	0
36	0	0	0	0
37	0	0	0	0
38	0	0	0	0
39	0	0	0	0
40	0	0	0	0
41	0	0	0	0
42	0	0	0	0
43	0	0	0	0
44	0	0	0	0
45	0	0	0	0
46	0	0	0	0
47	0	0	0	0
48	0	0	0	0
49	0	0	0	0
50	0	0	0	0
51	0	0	0	0
52	0	0	0	0
53	0	0	0	0
54	0	0	0	0
55	0	0	0	0
56	0	0	0	0
57	0	0	0	0
58	0	0	0	0
59	0	0	0	0
60	0	0	0	0
61	0	0	0	0
62	0	0	0	0
63	0	0	0	0
64	0	0	0	0
65	0	0	0	0
66	0	0	0	0
67	0	0	0	0
68	0	0	0	0
69	0	0	0	0
70	0	0	0	0
71	0	0	0	0
72	0	0	0	0
73	0	0	0	0
74	0	0	0	0
75	0	0	0	0
76	0	0	0	0
77	0	0	0	0
78	0	0	0	0
79	0	0	0	0
80	0	0	0	0
81	0	0	0	0
82	0	0	0	0
83	0	0	0	0
84	0	0	0	0
85	0	0	0	0
86	0	0	0	0
87	0	0	0	0
88	0	0	0	0
89	0	0	0	0
90	0	0	0	0
91	0	0	0	0
92	0	0	0	0
93	0	0	0	0
94	0	0	0	0
95	0	0	0	0
96	0	0	0	0
97	0	0	0	0
98	0	0	0	0
99	0	0	0	0
100	0	0	0	0
101	0	0	0	0
102	0	0	0	0
103	0	0	0	0
104	0	0	0	0
105	0	0	0	0
106	0	0	0	0
107	0	0	0	0
108	0	0	0	0
109	0	0	0	0
110	0	0	0	0
111	0	0	0	0
112	0	0	0	0
113	0	0	0	0
114	0	0	0	0
115	0	0	0	0
116	0	0	0	0
117	0	0	0	0
118	0	0	0	0
119	0	0	0	0
120	0	0	0	0
121	0	0	0	0
122	0	0	0	0
123	0	0	0	0
124	0	0	0	0
125	0	0	0	0
126	0	0	0	0
127	0	0	0	0
128	0	0	0	0
129	0	0	0	0
130	0	0	0	0
131	0	0	0	0
132	0	0	0	0
133	0	0	0	0
134	0	0	0	0
135	0	0	0	0
136	0	0	0	0
137	0	0	0	0
138	0	0	0	0
139	0	0	0	0
140	0	0	0	0
141	0	0	0	0
142	0	0	0	0
143	0	0	0	0
144	0	0	0	0
145	20	0	0	0
146	20	0	0	0
147	20	0	0	0
148	20	0	0	0
149	20	0	0	0
150	20	0	0	0
151	20	0	0	0
152	20	0	0	0
153	20	0	0	0
154	20	15.0047	0	0
155	20	15.0047	0	0
156	20	15.0047	0	0
157	20	15.0047	0	0
158	20	15.0047	0	0
159	20	15.0047	0	0
160	20	15.0047	0	0
161	20	15.0047	0	0
162	20	15.0047	0	0
163	20	15.0047	0	0
164	20	15.0047	0	0
165	20	15.0047	0	0
166	20	15.0047	0	0
167	20	15.4422	0	0
168	20	15.8102	0	0
169	20	16.1216	0	0
170	20	16.3865	0	0
171	20	16.6166	0	0
172	20	16.8226	0	0
173	20	17.007	0	0
174	20	17.172	0	0
175	20	17.3198	0	0
176	20	17.452	0	0
177	20	17.5704	0	0
178	20	17.6764	0	0
179	20	17.7713	0	0
180	20	17.8562	0	0
181	20	17.9323	0	0
182	20	18.0003	0	0
183	20	18.0612	0	0
184	20	18.1158	0	0
185	20	18.1646	0	0
186	20	18.2083	0	0
187	20	18.2474	0	0
188	20	18.2824	0	0
189	20	18.3138	0	0
190	20	18.3418	0	0
191	20	18.3669	0	0
192	20	18.3894	0	0
193	20	18.4096	0	0
194	20	18.4276	0	0
195	20	18.4437	0	0
196	20	18.4581	0	0
197	20	18.4711	0	0
198	20	18.4826	0	0
199	20	18.493	17.1221	0
200	20	18.5023	17.1406	0
201	20	18.5106	17.1589	0
202	20	18.518	17.1771	0
203	20	18.5246	17.1953	0
204	20	18.5306	17.2135	0
205	20	18.5359	17.2316	0
206	20	18.5407	17.2496	0
207	20	18.545	17.2676	0
208	20	18.5488	17.2854	0
209	20	18.5522	17.3032	0
210	20	18.5553	17.3208	0
211	20	18.558	17.3383	0
212	20	18.5605	17.3557	0
213	20	18.5627	17.3729	0
214	20	18.5646	17.39	0
215	20	18.5664	17.4069	0
216	20	18.5679	17.4237	0
217	20	18.5694	17.4403	0
218	20	18.5706	17.4568	0
219	20	18.5717	17.4731	0
220	20	18.5728	17.4892	0
221	20	18.5737	17.5051	0
222	20	18.5745	17.5209	0
223	20	18.5752	17.5367	0
224	20	18.5758	17.5527	0
225	20	18.5764	17.569	0
226	20	18.577	17.5854	0
227	20	18.5774	17.602	0
228	20	18.5778	17.6187	0
229	20	18.5782	17.6354	0
230	20	18.5785	17.6522	0
231	20	18.5788	17.6689	0
232	20	18.5791	17.6857	0
233	20	18.5794	17.7023	0
234	20	18.5796	17.719	0
235	20	18.5798	17.7355	0
236	20	18.5799	17.7519	0
237	20	18.5801	17.7682	0
238	20	18.5802	17.7844	0
239	20	18.5803	17.8004	0
240	20	18.5805	17.8162	0
241	20	18.5806	17.8319	0
242	20	18.5806	17.8474	0
243	20	18.5807	17.8626	0
244	20	18.5808	17.8777	0
245	20	18.5809	17.8926	0
246	20	18.5809	17.9073	0
247	20	18.581	17.9217	0
248	20	18.581	17.936	0
249	20	18.5811	17.95	0
250	20	18.5811	17.9638	0
251	20	18.5811	17.9773	0
252	20	18.5812	17.9907	0
253	20	18.5812	18.0038	0
254	20	18.5812	18.0166	0
255	20	18.5812	18.0293	0
256	20	18.5812	18.0417	0
257	20	18.5813	18.0539	0
258	20	18.5813	18.0658	0
259	20	18.5813	18.0775	0
260	20	18.5813	18.089	0
261	20	18.5813	18.1003	0
262	20	18.5813	18.1113	0
263	20	18.5813	18.1222	0
264	20	18.5813	18.1328	0
265	20	18.5813	18.1431	0
266	20	18.5814	18.1533	0
267	20	18.5814	18.1633	0
268	20	18.5814	18.173	0
269	20	18.5814	18.1826	0
270	20	18.5814	18.1919	0
271	20	18.5814	18.2011	0
272	20	18.5814	18.21	0
273	20	18.5814	18.2188	0
274	20	18.5814	18.2274	10
275	20	18.5814	18.2358	10
276	20	18.5814	18.244	10
277	20	18.5814	18.252	10
278	20	18.5814	18.2598	10
279	20	18.5814	18.2675	10
280	20	18.5814	18.275	10
281	20	18.5814	18.2823	10
282	20	18.5814	18.2894	10
283	20	18.5814	18.2964	10
284	20	18.5814	18.3033	10
285	20	18.5814	18.31	10
286	20	18.5814	18.3165	10
287	20	18.5814	18.3229	10
288	20	18.5814	18.3291	10
289	20	18.5814	18.3352	10
290	20	18.5814	18.3411	10
291	20	18.5814	18.347	10
292	20	18.5814	18.3526	10
293	20	18.5814	18.3582	10
294	20	18.5814	18.3636	10
295	20	18.5814	18.3689	10
296	20	18.5814	18.0878	10
297	20	18.5814	17.8252	10
298	20	18.5814	17.5798	10
299	20	18.5814	17.3506	10
300	20	18.5814	17.1365	10
301	20	18.5814	16.9364	10
302	20	18.5814	16.7495	10
303	20	18.5814	16.5749	10
304	20	18.5814	16.4118	10
305	20	18.5814	16.2594	10
306	20	18.5814	16.1171	10
307	20	18.5814	15.9842	10
308	20	18.5814	15.8601	10
309	20	18.5814	15.7441	10
310	20	18.5814	15.6358	10
311	20	18.5814	15.5347	10
312	20	18.5814	15.4403	10
313	20	18.5814	15.3521	10
314	20	18.5814	15.2697	10
315	20	18.5814	15.1928	10
316	20	18.5814	15.1211	10
317	20	18.5814	15.054	10
318	20	18.5814	14.9915	10
319	20	18.5814	14.9331	10
320	20	18.5814	14.8786	10
321	20	18.5814	14.8277	10
322	20	18.5814	14.7802	10
323	20	18.5814	14.7359	10
324	20	18.5814	14.6945	10
325	20	18.5814	14.6559	10
326	20	18.5814	14.62	10
327	20	18.5814	14.5864	10
328	20	18.5814	14.555	10
329	20	18.5814	14.5258	10
330	20	18.5814	14.4986	10
331	20	18.5814	14.4732	10
332	20	18.5814	14.4495	10
333	20	18.5814	14.4274	10
334	20	18.5814	14.4068	10
335	20	18.5814	14.3876	10
336	20	18.5814	14.3697	10
337	20	18.5814	14.3531	10
338	20	18.5814	14.3376	10
339	20	18.5814	14.3231	10
340	20	18.5814	14.3096	10
341	20	18.5814	14.2971	10
342	20	18.5814	14.2854	10
343	20	18.5814	14.2746	10
344	20	18.5814	14.2644	10
345	20	18.5814	14.255	10
346	20	18.5814	14.2463	10
347	20	18.5814	14.2382	10
348	20	18.5814	14.2306	10
349	20	18.5814	14.2236	10
350	20	18.5814	14.217	10
351	20	18.5814	14.211	10
352	20	18.5814	14.2053	10
353	20	18.5814	14.2001	10
354	20	18.5814	14.1953	10
355	20	18.5814	14.1908	10
356	20	18.5814	14.1866	10
357	20	18.5814	14.1827	10
358	20	18.5814	14.1791	10
359	20	18.5814	14.1758	10
360	20	18.5814	14.1728	10
361	20	18.5814	14.1699	10
362	20	18.5814	14.1673	10
363	20	18.5814	14.1649	10
364	20	18.5814	14.1626	10
365	20	18.5814	14.1606	10
366	20	18.5814	14.1587	10
367	20	18.5814	14.1569	10
368	20	18.5814	14.1553	10
369	20	18.5814	14.1538	10
370	20	18.5814	14.1525	10
371	20	18.5814	14.1512	10
372	20	18.5814	14.1501	10
373	20	18.5814	14.1491	10
374	20	18.5814	14.1481	10
375	20	18.5814	14.1472	10
376	20	18.5814	14.1464	10
377	20	18.5814	14.1457	10
378	20	18.5814	14.1451	10
379	20	18.5814	14.1445	10
380	20	18.5814	14.1439	10
381	20	18.5814	14.1435	10
382	20	18.5814	14.143	10
383	20	18.5814	14.1426	10
384	20	18.5814	14.1423	10
385	20	18.5814	14.142	10
386	20	18.5814	14.1417	10
387	20	18.5814	14.1415	10
388	20	18.5814	14.1413	10
389	20	18.5814	14.1411	10
390	20	18.5814	14.141	10
391	20	18.5814	14.1409	10
392	20	18.5814	14.1408	10
393	20	18.5814	14.1407	10
394	20	18.5814	14.1406	10
395	20	18.5814	14.1406	10
396	20	18.5814	14.1406	10
397	20	18.5814	14.1405	10
398	20	18.5814	14.1405	10
399	20	18.5814	14.1406	10
400	20	18.5814	14.1406	10
401	20	18.5814	14.1406	10
